2.75249e-07 2.27512e-07 1.9727e-07 1.29187e-07 5.72782e-08 5.72782e-08 1.08445e-07 2.75249e-07 2.75249e-07 2.75249e-07 2.75249e-07 2.75249e-07 2.75249e-07 2.75249e-07 2.75249e-07 2.75249e-07 2.75249e-07 1.14421e-07 1.14421e-07 1.14421e-07 1.14421e-07 7.0001e-08 7.0001e-08 7.0001e-08 7.0001e-08 1.37566e-08
2.27512e-07 3.58995e-07 1.4451e-07 3.8809e-08 8.70132e-09 8.70132e-09 1.84259e-08 4.99851e-08 2.27512e-07 4.99851e-08 2.27512e-07 2.27512e-07 4.99851e-08 2.27512e-07 2.27512e-07 4.99851e-08 2.27512e-07 2.38583e-08 6.69652e-08 2.38583e-08 6.69652e-08 2.08081e-08 2.08081e-08 2.08081e-08 2.08081e-08 6.17395e-09
1.97269e-07 1.4451e-07 6.56293e-07 2.54966e-07 1.55173e-08 1.55173e-08 1.97242e-08 3.98954e-08 1.97269e-07 3.98954e-08 1.97269e-07 1.97269e-07 3.98954e-08 1.97269e-07 1.97269e-07 3.98954e-08 1.97269e-07 2.62673e-08 1.46474e-07 2.62673e-08 1.46474e-07 1.94384e-08 1.94384e-08 1.94384e-08 1.94384e-08 7.65515e-09
1.29142e-07 3.76074e-08 2.47213e-07 9.96027e-07 2.08409e-07 2.08409e-07 2.98897e-08 2.18358e-08 1.29142e-07 2.18358e-08 1.29142e-07 1.29142e-07 2.18358e-08 1.29142e-07 1.29142e-07 2.18358e-08 1.29142e-07 5.57408e-08 2.09037e-07 5.57408e-08 2.09037e-07 2.19519e-08 2.19519e-08 2.19519e-08 2.19519e-08 9.69025e-09
6.24588e-08 4.3508e-09 1.55173e-08 2.08416e-07 1.53323e-06 1.53323e-06 1.49582e-07 6.24588e-08 6.24588e-08 6.24588e-08 6.24588e-08 6.24588e-08 6.24588e-08 6.24588e-08 6.24588e-08 6.24588e-08 6.24588e-08 1.46321e-07 1.46321e-07 1.46321e-07 1.46321e-07 2.90182e-08 2.90182e-08 2.90182e-08 2.90182e-08 1.04942e-08
6.24588e-08 4.3508e-09 1.55173e-08 2.08416e-07 1.53323e-06 1.53323e-06 1.49582e-07 6.24588e-08 6.24588e-08 6.24588e-08 6.24588e-08 6.24588e-08 6.24588e-08 6.24588e-08 6.24588e-08 6.24588e-08 6.24588e-08 1.46321e-07 1.46321e-07 1.46321e-07 1.46321e-07 2.90182e-08 2.90182e-08 2.90182e-08 2.90182e-08 1.04942e-08
9.71943e-08 2.58154e-08 2.76338e-08 3.26988e-08 2.83056e-08 2.83056e-08 3.96195e-07 9.71943e-08 9.71943e-08 9.71943e-08 9.71943e-08 9.71943e-08 9.71943e-08 9.71943e-08 9.71943e-08 9.71943e-08 9.71943e-08 9.6129e-08 9.6129e-08 9.6129e-08 9.6129e-08 6.89081e-08 6.89081e-08 6.89081e-08 6.89081e-08 1.30473e-08
2.75249e-07 4.99852e-08 3.98955e-08 1.71817e-08 2.22528e-08 2.22528e-08 1.08445e-07 2.75249e-07 2.75249e-07 2.75249e-07 2.75249e-07 2.75249e-07 2.75249e-07 2.75249e-07 2.75249e-07 2.75249e-07 2.75249e-07 1.14421e-07 1.14421e-07 1.14421e-07 1.14421e-07 7.0001e-08 7.0001e-08 7.0001e-08 7.0001e-08 1.37566e-08
2.75249e-07 2.27512e-07 1.9727e-07 1.29187e-07 5.72782e-08 5.72782e-08 1.08445e-07 2.75249e-07 2.75249e-07 2.75249e-07 2.75249e-07 2.75249e-07 2.75249e-07 2.75249e-07 2.75249e-07 2.75249e-07 2.75249e-07 1.14421e-07 1.14421e-07 1.14421e-07 1.14421e-07 7.0001e-08 7.0001e-08 7.0001e-08 7.0001e-08 1.37566e-08
2.75249e-07 4.99852e-08 3.98955e-08 1.71817e-08 2.22528e-08 2.22528e-08 1.08445e-07 2.75249e-07 2.75249e-07 2.75249e-07 2.75249e-07 2.75249e-07 2.75249e-07 2.75249e-07 2.75249e-07 2.75249e-07 2.75249e-07 1.14421e-07 1.14421e-07 1.14421e-07 1.14421e-07 7.0001e-08 7.0001e-08 7.0001e-08 7.0001e-08 1.37566e-08
2.75249e-07 2.27512e-07 1.9727e-07 1.29187e-07 5.72782e-08 5.72782e-08 1.08445e-07 2.75249e-07 2.75249e-07 2.75249e-07 2.75249e-07 2.75249e-07 2.75249e-07 2.75249e-07 2.75249e-07 2.75249e-07 2.75249e-07 1.14421e-07 1.14421e-07 1.14421e-07 1.14421e-07 7.0001e-08 7.0001e-08 7.0001e-08 7.0001e-08 1.37566e-08
2.75249e-07 2.27512e-07 1.9727e-07 1.29187e-07 5.72782e-08 5.72782e-08 1.08445e-07 2.75249e-07 2.75249e-07 2.75249e-07 2.75249e-07 2.75249e-07 2.75249e-07 2.75249e-07 2.75249e-07 2.75249e-07 2.75249e-07 1.14421e-07 1.14421e-07 1.14421e-07 1.14421e-07 7.0001e-08 7.0001e-08 7.0001e-08 7.0001e-08 1.37566e-08
2.75249e-07 4.99852e-08 3.98955e-08 1.71817e-08 2.22528e-08 2.22528e-08 1.08445e-07 2.75249e-07 2.75249e-07 2.75249e-07 2.75249e-07 2.75249e-07 2.75249e-07 2.75249e-07 2.75249e-07 2.75249e-07 2.75249e-07 1.14421e-07 1.14421e-07 1.14421e-07 1.14421e-07 7.0001e-08 7.0001e-08 7.0001e-08 7.0001e-08 1.37566e-08
2.75249e-07 2.27512e-07 1.9727e-07 1.29187e-07 5.72782e-08 5.72782e-08 1.08445e-07 2.75249e-07 2.75249e-07 2.75249e-07 2.75249e-07 2.75249e-07 2.75249e-07 2.75249e-07 2.75249e-07 2.75249e-07 2.75249e-07 1.14421e-07 1.14421e-07 1.14421e-07 1.14421e-07 7.0001e-08 7.0001e-08 7.0001e-08 7.0001e-08 1.37566e-08
2.75249e-07 2.27512e-07 1.9727e-07 1.29187e-07 5.72782e-08 5.72782e-08 1.08445e-07 2.75249e-07 2.75249e-07 2.75249e-07 2.75249e-07 2.75249e-07 2.75249e-07 2.75249e-07 2.75249e-07 2.75249e-07 2.75249e-07 1.14421e-07 1.14421e-07 1.14421e-07 1.14421e-07 7.0001e-08 7.0001e-08 7.0001e-08 7.0001e-08 1.37566e-08
2.75249e-07 4.99852e-08 3.98955e-08 1.71817e-08 2.22528e-08 2.22528e-08 1.08445e-07 2.75249e-07 2.75249e-07 2.75249e-07 2.75249e-07 2.75249e-07 2.75249e-07 2.75249e-07 2.75249e-07 2.75249e-07 2.75249e-07 1.14421e-07 1.14421e-07 1.14421e-07 1.14421e-07 7.0001e-08 7.0001e-08 7.0001e-08 7.0001e-08 1.37566e-08
2.75249e-07 2.27512e-07 1.9727e-07 1.29187e-07 5.72782e-08 5.72782e-08 1.08445e-07 2.75249e-07 2.75249e-07 2.75249e-07 2.75249e-07 2.75249e-07 2.75249e-07 2.75249e-07 2.75249e-07 2.75249e-07 2.75249e-07 1.14421e-07 1.14421e-07 1.14421e-07 1.14421e-07 7.0001e-08 7.0001e-08 7.0001e-08 7.0001e-08 1.37566e-08
8.36065e-08 1.09169e-08 2.62674e-08 4.38377e-08 4.88161e-08 4.88161e-08 7.87628e-08 8.36065e-08 8.36065e-08 8.36065e-08 8.36065e-08 8.36065e-08 8.36065e-08 8.36065e-08 8.36065e-08 8.36065e-08 8.36065e-08 2.2063e-07 2.2063e-07 2.2063e-07 2.2063e-07 7.07775e-08 7.07775e-08 7.07775e-08 7.07775e-08 1.76355e-08
8.36065e-08 1.03388e-07 1.46474e-07 2.09086e-07 1.46321e-07 1.46321e-07 7.87628e-08 8.36065e-08 8.36065e-08 8.36065e-08 8.36065e-08 8.36065e-08 8.36065e-08 8.36065e-08 8.36065e-08 8.36065e-08 8.36065e-08 2.2063e-07 2.2063e-07 2.2063e-07 2.2063e-07 7.07775e-08 7.07775e-08 7.07775e-08 7.07775e-08 1.76355e-08
8.36065e-08 1.09169e-08 2.62674e-08 4.38377e-08 4.88161e-08 4.88161e-08 7.87628e-08 8.36065e-08 8.36065e-08 8.36065e-08 8.36065e-08 8.36065e-08 8.36065e-08 8.36065e-08 8.36065e-08 8.36065e-08 8.36065e-08 2.2063e-07 2.2063e-07 2.2063e-07 2.2063e-07 7.07775e-08 7.07775e-08 7.07775e-08 7.07775e-08 1.76355e-08
8.36065e-08 1.03388e-07 1.46474e-07 2.09086e-07 1.46321e-07 1.46321e-07 7.87628e-08 8.36065e-08 8.36065e-08 8.36065e-08 8.36065e-08 8.36065e-08 8.36065e-08 8.36065e-08 8.36065e-08 8.36065e-08 8.36065e-08 2.2063e-07 2.2063e-07 2.2063e-07 2.2063e-07 7.07775e-08 7.07775e-08 7.07775e-08 7.07775e-08 1.76355e-08
5.86455e-08 1.45494e-08 1.35911e-08 1.72624e-08 2.90156e-08 2.90156e-08 5.03545e-08 5.86455e-08 5.86455e-08 5.86455e-08 5.86455e-08 5.86455e-08 5.86455e-08 5.86455e-08 5.86455e-08 5.86455e-08 5.86455e-08 8.1156e-08 8.1156e-08 8.1156e-08 8.1156e-08 1.78324e-07 1.78324e-07 1.78324e-07 1.78324e-07 4.16073e-08
5.86455e-08 1.45494e-08 1.35911e-08 1.72624e-08 2.90156e-08 2.90156e-08 5.03545e-08 5.86455e-08 5.86455e-08 5.86455e-08 5.86455e-08 5.86455e-08 5.86455e-08 5.86455e-08 5.86455e-08 5.86455e-08 5.86455e-08 8.1156e-08 8.1156e-08 8.1156e-08 8.1156e-08 1.78324e-07 1.78324e-07 1.78324e-07 1.78324e-07 4.16073e-08
5.86455e-08 1.45494e-08 1.35911e-08 1.72624e-08 2.90156e-08 2.90156e-08 5.03545e-08 5.86455e-08 5.86455e-08 5.86455e-08 5.86455e-08 5.86455e-08 5.86455e-08 5.86455e-08 5.86455e-08 5.86455e-08 5.86455e-08 8.1156e-08 8.1156e-08 8.1156e-08 8.1156e-08 1.78324e-07 1.78324e-07 1.78324e-07 1.78324e-07 4.16073e-08
5.86455e-08 1.45494e-08 1.35911e-08 1.72624e-08 2.90156e-08 2.90156e-08 5.03545e-08 5.86455e-08 5.86455e-08 5.86455e-08 5.86455e-08 5.86455e-08 5.86455e-08 5.86455e-08 5.86455e-08 5.86455e-08 5.86455e-08 8.1156e-08 8.1156e-08 8.1156e-08 8.1156e-08 1.78324e-07 1.78324e-07 1.78324e-07 1.78324e-07 4.16073e-08
1.96695e-08 6.17395e-09 7.65515e-09 9.70062e-09 1.04942e-08 1.04942e-08 1.30443e-08 1.96695e-08 1.96695e-08 1.96695e-08 1.96695e-08 1.96695e-08 1.96695e-08 1.96695e-08 1.96695e-08 1.96695e-08 1.96695e-08 2.52163e-08 2.52163e-08 2.52163e-08 2.52163e-08 5.69509e-08 5.69509e-08 5.69509e-08 5.69509e-08 2.25157e-07
