3.30298e-06 2.73015e-06 2.36724e-06 1.55025e-06 6.87338e-07 6.87338e-07 1.30134e-06 3.30298e-06 3.30298e-06 3.30298e-06 3.30298e-06 3.30298e-06 3.30298e-06 3.30298e-06 3.30298e-06 3.30298e-06 3.30298e-06 1.37305e-06 1.37305e-06 1.37305e-06 1.37305e-06 8.40012e-07 8.40012e-07 8.40012e-07 8.40012e-07 1.6508e-07
2.73014e-06 4.30794e-06 1.73412e-06 4.65708e-07 1.04416e-07 1.04416e-07 2.21111e-07 5.99821e-07 2.73014e-06 5.99821e-07 2.73014e-06 2.73014e-06 5.99821e-07 2.73014e-06 2.73014e-06 5.99821e-07 2.73014e-06 2.863e-07 8.03583e-07 2.863e-07 8.03583e-07 2.49697e-07 2.49697e-07 2.49697e-07 2.49697e-07 7.40874e-08
2.36723e-06 1.73412e-06 7.87552e-06 3.0596e-06 1.86207e-07 1.86207e-07 2.36691e-07 4.78745e-07 2.36723e-06 4.78745e-07 2.36723e-06 2.36723e-06 4.78745e-07 2.36723e-06 2.36723e-06 4.78745e-07 2.36723e-06 3.15208e-07 1.75768e-06 3.15208e-07 1.75768e-06 2.33261e-07 2.33261e-07 2.33261e-07 2.33261e-07 9.18618e-08
1.5497e-06 4.51289e-07 2.96656e-06 1.19523e-05 2.50091e-06 2.50091e-06 3.58676e-07 2.6203e-07 1.5497e-06 2.6203e-07 1.5497e-06 1.5497e-06 2.6203e-07 1.5497e-06 1.5497e-06 2.6203e-07 1.5497e-06 6.6889e-07 2.50844e-06 6.6889e-07 2.50844e-06 2.63423e-07 2.63423e-07 2.63423e-07 2.63423e-07 1.16283e-07
7.49505e-07 5.22096e-08 1.86207e-07 2.501e-06 1.83988e-05 1.83988e-05 1.79498e-06 7.49505e-07 7.49505e-07 7.49505e-07 7.49505e-07 7.49505e-07 7.49505e-07 7.49505e-07 7.49505e-07 7.49505e-07 7.49505e-07 1.75586e-06 1.75586e-06 1.75586e-06 1.75586e-06 3.48218e-07 3.48218e-07 3.48218e-07 3.48218e-07 1.25931e-07
7.49505e-07 5.22096e-08 1.86207e-07 2.501e-06 1.83988e-05 1.83988e-05 1.79498e-06 7.49505e-07 7.49505e-07 7.49505e-07 7.49505e-07 7.49505e-07 7.49505e-07 7.49505e-07 7.49505e-07 7.49505e-07 7.49505e-07 1.75586e-06 1.75586e-06 1.75586e-06 1.75586e-06 3.48218e-07 3.48218e-07 3.48218e-07 3.48218e-07 1.25931e-07
1.16633e-06 3.09785e-07 3.31606e-07 3.92385e-07 3.39667e-07 3.39667e-07 4.75434e-06 1.16633e-06 1.16633e-06 1.16633e-06 1.16633e-06 1.16633e-06 1.16633e-06 1.16633e-06 1.16633e-06 1.16633e-06 1.16633e-06 1.15355e-06 1.15355e-06 1.15355e-06 1.15355e-06 8.26897e-07 8.26897e-07 8.26897e-07 8.26897e-07 1.56568e-07
3.30298e-06 5.99822e-07 4.78746e-07 2.06181e-07 2.67033e-07 2.67033e-07 1.30134e-06 3.30298e-06 3.30298e-06 3.30298e-06 3.30298e-06 3.30298e-06 3.30298e-06 3.30298e-06 3.30298e-06 3.30298e-06 3.30298e-06 1.37305e-06 1.37305e-06 1.37305e-06 1.37305e-06 8.40012e-07 8.40012e-07 8.40012e-07 8.40012e-07 1.6508e-07
3.30298e-06 2.73015e-06 2.36724e-06 1.55025e-06 6.87338e-07 6.87338e-07 1.30134e-06 3.30298e-06 3.30298e-06 3.30298e-06 3.30298e-06 3.30298e-06 3.30298e-06 3.30298e-06 3.30298e-06 3.30298e-06 3.30298e-06 1.37305e-06 1.37305e-06 1.37305e-06 1.37305e-06 8.40012e-07 8.40012e-07 8.40012e-07 8.40012e-07 1.6508e-07
3.30298e-06 5.99822e-07 4.78746e-07 2.06181e-07 2.67033e-07 2.67033e-07 1.30134e-06 3.30298e-06 3.30298e-06 3.30298e-06 3.30298e-06 3.30298e-06 3.30298e-06 3.30298e-06 3.30298e-06 3.30298e-06 3.30298e-06 1.37305e-06 1.37305e-06 1.37305e-06 1.37305e-06 8.40012e-07 8.40012e-07 8.40012e-07 8.40012e-07 1.6508e-07
3.30298e-06 2.73015e-06 2.36724e-06 1.55025e-06 6.87338e-07 6.87338e-07 1.30134e-06 3.30298e-06 3.30298e-06 3.30298e-06 3.30298e-06 3.30298e-06 3.30298e-06 3.30298e-06 3.30298e-06 3.30298e-06 3.30298e-06 1.37305e-06 1.37305e-06 1.37305e-06 1.37305e-06 8.40012e-07 8.40012e-07 8.40012e-07 8.40012e-07 1.6508e-07
3.30298e-06 2.73015e-06 2.36724e-06 1.55025e-06 6.87338e-07 6.87338e-07 1.30134e-06 3.30298e-06 3.30298e-06 3.30298e-06 3.30298e-06 3.30298e-06 3.30298e-06 3.30298e-06 3.30298e-06 3.30298e-06 3.30298e-06 1.37305e-06 1.37305e-06 1.37305e-06 1.37305e-06 8.40012e-07 8.40012e-07 8.40012e-07 8.40012e-07 1.6508e-07
3.30298e-06 5.99822e-07 4.78746e-07 2.06181e-07 2.67033e-07 2.67033e-07 1.30134e-06 3.30298e-06 3.30298e-06 3.30298e-06 3.30298e-06 3.30298e-06 3.30298e-06 3.30298e-06 3.30298e-06 3.30298e-06 3.30298e-06 1.37305e-06 1.37305e-06 1.37305e-06 1.37305e-06 8.40012e-07 8.40012e-07 8.40012e-07 8.40012e-07 1.6508e-07
3.30298e-06 2.73015e-06 2.36724e-06 1.55025e-06 6.87338e-07 6.87338e-07 1.30134e-06 3.30298e-06 3.30298e-06 3.30298e-06 3.30298e-06 3.30298e-06 3.30298e-06 3.30298e-06 3.30298e-06 3.30298e-06 3.30298e-06 1.37305e-06 1.37305e-06 1.37305e-06 1.37305e-06 8.40012e-07 8.40012e-07 8.40012e-07 8.40012e-07 1.6508e-07
3.30298e-06 2.73015e-06 2.36724e-06 1.55025e-06 6.87338e-07 6.87338e-07 1.30134e-06 3.30298e-06 3.30298e-06 3.30298e-06 3.30298e-06 3.30298e-06 3.30298e-06 3.30298e-06 3.30298e-06 3.30298e-06 3.30298e-06 1.37305e-06 1.37305e-06 1.37305e-06 1.37305e-06 8.40012e-07 8.40012e-07 8.40012e-07 8.40012e-07 1.6508e-07
3.30298e-06 5.99822e-07 4.78746e-07 2.06181e-07 2.67033e-07 2.67033e-07 1.30134e-06 3.30298e-06 3.30298e-06 3.30298e-06 3.30298e-06 3.30298e-06 3.30298e-06 3.30298e-06 3.30298e-06 3.30298e-06 3.30298e-06 1.37305e-06 1.37305e-06 1.37305e-06 1.37305e-06 8.40012e-07 8.40012e-07 8.40012e-07 8.40012e-07 1.6508e-07
3.30298e-06 2.73015e-06 2.36724e-06 1.55025e-06 6.87338e-07 6.87338e-07 1.30134e-06 3.30298e-06 3.30298e-06 3.30298e-06 3.30298e-06 3.30298e-06 3.30298e-06 3.30298e-06 3.30298e-06 3.30298e-06 3.30298e-06 1.37305e-06 1.37305e-06 1.37305e-06 1.37305e-06 8.40012e-07 8.40012e-07 8.40012e-07 8.40012e-07 1.6508e-07
1.00328e-06 1.31003e-07 3.15209e-07 5.26053e-07 5.85794e-07 5.85794e-07 9.45153e-07 1.00328e-06 1.00328e-06 1.00328e-06 1.00328e-06 1.00328e-06 1.00328e-06 1.00328e-06 1.00328e-06 1.00328e-06 1.00328e-06 2.64755e-06 2.64755e-06 2.64755e-06 2.64755e-06 8.4933e-07 8.4933e-07 8.4933e-07 8.4933e-07 2.11625e-07
1.00328e-06 1.24066e-06 1.75769e-06 2.50903e-06 1.75585e-06 1.75585e-06 9.45153e-07 1.00328e-06 1.00328e-06 1.00328e-06 1.00328e-06 1.00328e-06 1.00328e-06 1.00328e-06 1.00328e-06 1.00328e-06 1.00328e-06 2.64755e-06 2.64755e-06 2.64755e-06 2.64755e-06 8.4933e-07 8.4933e-07 8.4933e-07 8.4933e-07 2.11625e-07
1.00328e-06 1.31003e-07 3.15209e-07 5.26053e-07 5.85794e-07 5.85794e-07 9.45153e-07 1.00328e-06 1.00328e-06 1.00328e-06 1.00328e-06 1.00328e-06 1.00328e-06 1.00328e-06 1.00328e-06 1.00328e-06 1.00328e-06 2.64755e-06 2.64755e-06 2.64755e-06 2.64755e-06 8.4933e-07 8.4933e-07 8.4933e-07 8.4933e-07 2.11625e-07
1.00328e-06 1.24066e-06 1.75769e-06 2.50903e-06 1.75585e-06 1.75585e-06 9.45153e-07 1.00328e-06 1.00328e-06 1.00328e-06 1.00328e-06 1.00328e-06 1.00328e-06 1.00328e-06 1.00328e-06 1.00328e-06 1.00328e-06 2.64755e-06 2.64755e-06 2.64755e-06 2.64755e-06 8.4933e-07 8.4933e-07 8.4933e-07 8.4933e-07 2.11625e-07
7.03746e-07 1.74593e-07 1.63094e-07 2.07149e-07 3.48187e-07 3.48187e-07 6.04254e-07 7.03746e-07 7.03746e-07 7.03746e-07 7.03746e-07 7.03746e-07 7.03746e-07 7.03746e-07 7.03746e-07 7.03746e-07 7.03746e-07 9.73872e-07 9.73872e-07 9.73872e-07 9.73872e-07 2.13988e-06 2.13988e-06 2.13988e-06 2.13988e-06 4.99287e-07
7.03746e-07 1.74593e-07 1.63094e-07 2.07149e-07 3.48187e-07 3.48187e-07 6.04254e-07 7.03746e-07 7.03746e-07 7.03746e-07 7.03746e-07 7.03746e-07 7.03746e-07 7.03746e-07 7.03746e-07 7.03746e-07 7.03746e-07 9.73872e-07 9.73872e-07 9.73872e-07 9.73872e-07 2.13988e-06 2.13988e-06 2.13988e-06 2.13988e-06 4.99287e-07
7.03746e-07 1.74593e-07 1.63094e-07 2.07149e-07 3.48187e-07 3.48187e-07 6.04254e-07 7.03746e-07 7.03746e-07 7.03746e-07 7.03746e-07 7.03746e-07 7.03746e-07 7.03746e-07 7.03746e-07 7.03746e-07 7.03746e-07 9.73872e-07 9.73872e-07 9.73872e-07 9.73872e-07 2.13988e-06 2.13988e-06 2.13988e-06 2.13988e-06 4.99287e-07
7.03746e-07 1.74593e-07 1.63094e-07 2.07149e-07 3.48187e-07 3.48187e-07 6.04254e-07 7.03746e-07 7.03746e-07 7.03746e-07 7.03746e-07 7.03746e-07 7.03746e-07 7.03746e-07 7.03746e-07 7.03746e-07 7.03746e-07 9.73872e-07 9.73872e-07 9.73872e-07 9.73872e-07 2.13988e-06 2.13988e-06 2.13988e-06 2.13988e-06 4.99287e-07
2.36033e-07 7.40874e-08 9.18618e-08 1.16407e-07 1.25931e-07 1.25931e-07 1.56532e-07 2.36033e-07 2.36033e-07 2.36033e-07 2.36033e-07 2.36033e-07 2.36033e-07 2.36033e-07 2.36033e-07 2.36033e-07 2.36033e-07 3.02596e-07 3.02596e-07 3.02596e-07 3.02596e-07 6.8341e-07 6.8341e-07 6.8341e-07 6.8341e-07 2.70188e-06
