4.40398e-06 3.64019e-06 3.15631e-06 2.067e-06 9.16451e-07 9.16451e-07 1.73511e-06 4.40398e-06 4.40398e-06 4.40398e-06 4.40398e-06 4.40398e-06 4.40398e-06 4.40398e-06 4.40398e-06 4.40398e-06 4.40398e-06 1.83074e-06 1.83074e-06 1.83074e-06 1.83074e-06 1.12002e-06 1.12002e-06 1.12002e-06 1.12002e-06 2.20106e-07
3.64019e-06 5.74392e-06 2.31217e-06 6.20944e-07 1.39221e-07 1.39221e-07 2.94815e-07 7.99762e-07 3.64019e-06 7.99762e-07 3.64019e-06 3.64019e-06 7.99762e-07 3.64019e-06 3.64019e-06 7.99762e-07 3.64019e-06 3.81733e-07 1.07144e-06 3.81733e-07 1.07144e-06 3.32929e-07 3.32929e-07 3.32929e-07 3.32929e-07 9.87833e-08
3.15631e-06 2.31216e-06 1.05007e-05 4.07946e-06 2.48276e-07 2.48276e-07 3.15587e-07 6.38327e-07 3.15631e-06 6.38327e-07 3.15631e-06 3.15631e-06 6.38327e-07 3.15631e-06 3.15631e-06 6.38327e-07 3.15631e-06 4.20277e-07 2.34358e-06 4.20277e-07 2.34358e-06 3.11014e-07 3.11014e-07 3.11014e-07 3.11014e-07 1.22482e-07
2.06627e-06 6.01719e-07 3.95541e-06 1.59364e-05 3.33455e-06 3.33455e-06 4.78235e-07 3.49373e-07 2.06627e-06 3.49373e-07 2.06627e-06 2.06627e-06 3.49373e-07 2.06627e-06 2.06627e-06 3.49373e-07 2.06627e-06 8.91853e-07 3.34459e-06 8.91853e-07 3.34459e-06 3.5123e-07 3.5123e-07 3.5123e-07 3.5123e-07 1.55044e-07
9.99341e-07 6.96128e-08 2.48276e-07 3.33466e-06 2.45317e-05 2.45317e-05 2.39331e-06 9.99341e-07 9.99341e-07 9.99341e-07 9.99341e-07 9.99341e-07 9.99341e-07 9.99341e-07 9.99341e-07 9.99341e-07 9.99341e-07 2.34114e-06 2.34114e-06 2.34114e-06 2.34114e-06 4.64291e-07 4.64291e-07 4.64291e-07 4.64291e-07 1.67908e-07
9.99341e-07 6.96128e-08 2.48276e-07 3.33466e-06 2.45317e-05 2.45317e-05 2.39331e-06 9.99341e-07 9.99341e-07 9.99341e-07 9.99341e-07 9.99341e-07 9.99341e-07 9.99341e-07 9.99341e-07 9.99341e-07 9.99341e-07 2.34114e-06 2.34114e-06 2.34114e-06 2.34114e-06 4.64291e-07 4.64291e-07 4.64291e-07 4.64291e-07 1.67908e-07
1.55511e-06 4.13046e-07 4.42141e-07 5.23181e-07 4.52889e-07 4.52889e-07 6.33912e-06 1.55511e-06 1.55511e-06 1.55511e-06 1.55511e-06 1.55511e-06 1.55511e-06 1.55511e-06 1.55511e-06 1.55511e-06 1.55511e-06 1.53806e-06 1.53806e-06 1.53806e-06 1.53806e-06 1.10253e-06 1.10253e-06 1.10253e-06 1.10253e-06 2.08757e-07
4.40398e-06 7.99762e-07 6.38328e-07 2.74907e-07 3.56044e-07 3.56044e-07 1.73511e-06 4.40398e-06 4.40398e-06 4.40398e-06 4.40398e-06 4.40398e-06 4.40398e-06 4.40398e-06 4.40398e-06 4.40398e-06 4.40398e-06 1.83074e-06 1.83074e-06 1.83074e-06 1.83074e-06 1.12002e-06 1.12002e-06 1.12002e-06 1.12002e-06 2.20106e-07
4.40398e-06 3.64019e-06 3.15631e-06 2.067e-06 9.16451e-07 9.16451e-07 1.73511e-06 4.40398e-06 4.40398e-06 4.40398e-06 4.40398e-06 4.40398e-06 4.40398e-06 4.40398e-06 4.40398e-06 4.40398e-06 4.40398e-06 1.83074e-06 1.83074e-06 1.83074e-06 1.83074e-06 1.12002e-06 1.12002e-06 1.12002e-06 1.12002e-06 2.20106e-07
4.40398e-06 7.99762e-07 6.38328e-07 2.74907e-07 3.56044e-07 3.56044e-07 1.73511e-06 4.40398e-06 4.40398e-06 4.40398e-06 4.40398e-06 4.40398e-06 4.40398e-06 4.40398e-06 4.40398e-06 4.40398e-06 4.40398e-06 1.83074e-06 1.83074e-06 1.83074e-06 1.83074e-06 1.12002e-06 1.12002e-06 1.12002e-06 1.12002e-06 2.20106e-07
4.40398e-06 3.64019e-06 3.15631e-06 2.067e-06 9.16451e-07 9.16451e-07 1.73511e-06 4.40398e-06 4.40398e-06 4.40398e-06 4.40398e-06 4.40398e-06 4.40398e-06 4.40398e-06 4.40398e-06 4.40398e-06 4.40398e-06 1.83074e-06 1.83074e-06 1.83074e-06 1.83074e-06 1.12002e-06 1.12002e-06 1.12002e-06 1.12002e-06 2.20106e-07
4.40398e-06 3.64019e-06 3.15631e-06 2.067e-06 9.16451e-07 9.16451e-07 1.73511e-06 4.40398e-06 4.40398e-06 4.40398e-06 4.40398e-06 4.40398e-06 4.40398e-06 4.40398e-06 4.40398e-06 4.40398e-06 4.40398e-06 1.83074e-06 1.83074e-06 1.83074e-06 1.83074e-06 1.12002e-06 1.12002e-06 1.12002e-06 1.12002e-06 2.20106e-07
4.40398e-06 7.99762e-07 6.38328e-07 2.74907e-07 3.56044e-07 3.56044e-07 1.73511e-06 4.40398e-06 4.40398e-06 4.40398e-06 4.40398e-06 4.40398e-06 4.40398e-06 4.40398e-06 4.40398e-06 4.40398e-06 4.40398e-06 1.83074e-06 1.83074e-06 1.83074e-06 1.83074e-06 1.12002e-06 1.12002e-06 1.12002e-06 1.12002e-06 2.20106e-07
4.40398e-06 3.64019e-06 3.15631e-06 2.067e-06 9.16451e-07 9.16451e-07 1.73511e-06 4.40398e-06 4.40398e-06 4.40398e-06 4.40398e-06 4.40398e-06 4.40398e-06 4.40398e-06 4.40398e-06 4.40398e-06 4.40398e-06 1.83074e-06 1.83074e-06 1.83074e-06 1.83074e-06 1.12002e-06 1.12002e-06 1.12002e-06 1.12002e-06 2.20106e-07
4.40398e-06 3.64019e-06 3.15631e-06 2.067e-06 9.16451e-07 9.16451e-07 1.73511e-06 4.40398e-06 4.40398e-06 4.40398e-06 4.40398e-06 4.40398e-06 4.40398e-06 4.40398e-06 4.40398e-06 4.40398e-06 4.40398e-06 1.83074e-06 1.83074e-06 1.83074e-06 1.83074e-06 1.12002e-06 1.12002e-06 1.12002e-06 1.12002e-06 2.20106e-07
4.40398e-06 7.99762e-07 6.38328e-07 2.74907e-07 3.56044e-07 3.56044e-07 1.73511e-06 4.40398e-06 4.40398e-06 4.40398e-06 4.40398e-06 4.40398e-06 4.40398e-06 4.40398e-06 4.40398e-06 4.40398e-06 4.40398e-06 1.83074e-06 1.83074e-06 1.83074e-06 1.83074e-06 1.12002e-06 1.12002e-06 1.12002e-06 1.12002e-06 2.20106e-07
4.40398e-06 3.64019e-06 3.15631e-06 2.067e-06 9.16451e-07 9.16451e-07 1.73511e-06 4.40398e-06 4.40398e-06 4.40398e-06 4.40398e-06 4.40398e-06 4.40398e-06 4.40398e-06 4.40398e-06 4.40398e-06 4.40398e-06 1.83074e-06 1.83074e-06 1.83074e-06 1.83074e-06 1.12002e-06 1.12002e-06 1.12002e-06 1.12002e-06 2.20106e-07
1.3377e-06 1.74671e-07 4.20278e-07 7.01404e-07 7.81058e-07 7.81058e-07 1.2602e-06 1.3377e-06 1.3377e-06 1.3377e-06 1.3377e-06 1.3377e-06 1.3377e-06 1.3377e-06 1.3377e-06 1.3377e-06 1.3377e-06 3.53007e-06 3.53007e-06 3.53007e-06 3.53007e-06 1.13244e-06 1.13244e-06 1.13244e-06 1.13244e-06 2.82167e-07
1.3377e-06 1.65421e-06 2.34358e-06 3.34537e-06 2.34114e-06 2.34114e-06 1.2602e-06 1.3377e-06 1.3377e-06 1.3377e-06 1.3377e-06 1.3377e-06 1.3377e-06 1.3377e-06 1.3377e-06 1.3377e-06 1.3377e-06 3.53007e-06 3.53007e-06 3.53007e-06 3.53007e-06 1.13244e-06 1.13244e-06 1.13244e-06 1.13244e-06 2.82167e-07
1.3377e-06 1.74671e-07 4.20278e-07 7.01404e-07 7.81058e-07 7.81058e-07 1.2602e-06 1.3377e-06 1.3377e-06 1.3377e-06 1.3377e-06 1.3377e-06 1.3377e-06 1.3377e-06 1.3377e-06 1.3377e-06 1.3377e-06 3.53007e-06 3.53007e-06 3.53007e-06 3.53007e-06 1.13244e-06 1.13244e-06 1.13244e-06 1.13244e-06 2.82167e-07
1.3377e-06 1.65421e-06 2.34358e-06 3.34537e-06 2.34114e-06 2.34114e-06 1.2602e-06 1.3377e-06 1.3377e-06 1.3377e-06 1.3377e-06 1.3377e-06 1.3377e-06 1.3377e-06 1.3377e-06 1.3377e-06 1.3377e-06 3.53007e-06 3.53007e-06 3.53007e-06 3.53007e-06 1.13244e-06 1.13244e-06 1.13244e-06 1.13244e-06 2.82167e-07
9.38327e-07 2.32791e-07 2.17458e-07 2.76199e-07 4.64249e-07 4.64249e-07 8.05672e-07 9.38327e-07 9.38327e-07 9.38327e-07 9.38327e-07 9.38327e-07 9.38327e-07 9.38327e-07 9.38327e-07 9.38327e-07 9.38327e-07 1.2985e-06 1.2985e-06 1.2985e-06 1.2985e-06 2.85318e-06 2.85318e-06 2.85318e-06 2.85318e-06 6.65716e-07
9.38327e-07 2.32791e-07 2.17458e-07 2.76199e-07 4.64249e-07 4.64249e-07 8.05672e-07 9.38327e-07 9.38327e-07 9.38327e-07 9.38327e-07 9.38327e-07 9.38327e-07 9.38327e-07 9.38327e-07 9.38327e-07 9.38327e-07 1.2985e-06 1.2985e-06 1.2985e-06 1.2985e-06 2.85318e-06 2.85318e-06 2.85318e-06 2.85318e-06 6.65716e-07
9.38327e-07 2.32791e-07 2.17458e-07 2.76199e-07 4.64249e-07 4.64249e-07 8.05672e-07 9.38327e-07 9.38327e-07 9.38327e-07 9.38327e-07 9.38327e-07 9.38327e-07 9.38327e-07 9.38327e-07 9.38327e-07 9.38327e-07 1.2985e-06 1.2985e-06 1.2985e-06 1.2985e-06 2.85318e-06 2.85318e-06 2.85318e-06 2.85318e-06 6.65716e-07
9.38327e-07 2.32791e-07 2.17458e-07 2.76199e-07 4.64249e-07 4.64249e-07 8.05672e-07 9.38327e-07 9.38327e-07 9.38327e-07 9.38327e-07 9.38327e-07 9.38327e-07 9.38327e-07 9.38327e-07 9.38327e-07 9.38327e-07 1.2985e-06 1.2985e-06 1.2985e-06 1.2985e-06 2.85318e-06 2.85318e-06 2.85318e-06 2.85318e-06 6.65716e-07
3.14711e-07 9.87832e-08 1.22482e-07 1.5521e-07 1.67908e-07 1.67908e-07 2.08709e-07 3.14711e-07 3.14711e-07 3.14711e-07 3.14711e-07 3.14711e-07 3.14711e-07 3.14711e-07 3.14711e-07 3.14711e-07 3.14711e-07 4.03461e-07 4.03461e-07 4.03461e-07 4.03461e-07 9.11214e-07 9.11214e-07 9.11214e-07 9.11214e-07 3.60251e-06
