3.66998e-07 3.0335e-07 2.63026e-07 1.7225e-07 7.63709e-08 7.63709e-08 1.44593e-07 3.66998e-07 3.66998e-07 3.66998e-07 3.66998e-07 3.66998e-07 3.66998e-07 3.66998e-07 3.66998e-07 3.66998e-07 3.66998e-07 1.52561e-07 1.52561e-07 1.52561e-07 1.52561e-07 9.33346e-08 9.33346e-08 9.33346e-08 9.33346e-08 1.83422e-08
3.03349e-07 4.7866e-07 1.92681e-07 5.17453e-08 1.16018e-08 1.16018e-08 2.45679e-08 6.66468e-08 3.03349e-07 6.66468e-08 3.03349e-07 3.03349e-07 6.66468e-08 3.03349e-07 3.03349e-07 6.66468e-08 3.03349e-07 3.18111e-08 8.92869e-08 3.18111e-08 8.92869e-08 2.77441e-08 2.77441e-08 2.77441e-08 2.77441e-08 8.23194e-09
2.63026e-07 1.9268e-07 8.75057e-07 3.39955e-07 2.06897e-08 2.06897e-08 2.6299e-08 5.31939e-08 2.63026e-07 5.31939e-08 2.63026e-07 2.63026e-07 5.31939e-08 2.63026e-07 2.63026e-07 5.31939e-08 2.63026e-07 3.50231e-08 1.95298e-07 3.50231e-08 1.95298e-07 2.59178e-08 2.59178e-08 2.59178e-08 2.59178e-08 1.02069e-08
1.72189e-07 5.01432e-08 3.29618e-07 1.32804e-06 2.77879e-07 2.77879e-07 3.98529e-08 2.91144e-08 1.72189e-07 2.91144e-08 1.72189e-07 1.72189e-07 2.91144e-08 1.72189e-07 1.72189e-07 2.91144e-08 1.72189e-07 7.43211e-08 2.78716e-07 7.43211e-08 2.78716e-07 2.92692e-08 2.92692e-08 2.92692e-08 2.92692e-08 1.29203e-08
8.32784e-08 5.80107e-09 2.06897e-08 2.77888e-07 2.04431e-06 2.04431e-06 1.99442e-07 8.32784e-08 8.32784e-08 8.32784e-08 8.32784e-08 8.32784e-08 8.32784e-08 8.32784e-08 8.32784e-08 8.32784e-08 8.32784e-08 1.95095e-07 1.95095e-07 1.95095e-07 1.95095e-07 3.86909e-08 3.86909e-08 3.86909e-08 3.86909e-08 1.39923e-08
8.32784e-08 5.80107e-09 2.06897e-08 2.77888e-07 2.04431e-06 2.04431e-06 1.99442e-07 8.32784e-08 8.32784e-08 8.32784e-08 8.32784e-08 8.32784e-08 8.32784e-08 8.32784e-08 8.32784e-08 8.32784e-08 8.32784e-08 1.95095e-07 1.95095e-07 1.95095e-07 1.95095e-07 3.86909e-08 3.86909e-08 3.86909e-08 3.86909e-08 1.39923e-08
1.29592e-07 3.44205e-08 3.68451e-08 4.35984e-08 3.77408e-08 3.77408e-08 5.2826e-07 1.29592e-07 1.29592e-07 1.29592e-07 1.29592e-07 1.29592e-07 1.29592e-07 1.29592e-07 1.29592e-07 1.29592e-07 1.29592e-07 1.28172e-07 1.28172e-07 1.28172e-07 1.28172e-07 9.18774e-08 9.18774e-08 9.18774e-08 9.18774e-08 1.73964e-08
3.66998e-07 6.66469e-08 5.3194e-08 2.2909e-08 2.96704e-08 2.96704e-08 1.44593e-07 3.66998e-07 3.66998e-07 3.66998e-07 3.66998e-07 3.66998e-07 3.66998e-07 3.66998e-07 3.66998e-07 3.66998e-07 3.66998e-07 1.52561e-07 1.52561e-07 1.52561e-07 1.52561e-07 9.33346e-08 9.33346e-08 9.33346e-08 9.33346e-08 1.83422e-08
3.66998e-07 3.0335e-07 2.63026e-07 1.7225e-07 7.63709e-08 7.63709e-08 1.44593e-07 3.66998e-07 3.66998e-07 3.66998e-07 3.66998e-07 3.66998e-07 3.66998e-07 3.66998e-07 3.66998e-07 3.66998e-07 3.66998e-07 1.52561e-07 1.52561e-07 1.52561e-07 1.52561e-07 9.33346e-08 9.33346e-08 9.33346e-08 9.33346e-08 1.83422e-08
3.66998e-07 6.66469e-08 5.3194e-08 2.2909e-08 2.96704e-08 2.96704e-08 1.44593e-07 3.66998e-07 3.66998e-07 3.66998e-07 3.66998e-07 3.66998e-07 3.66998e-07 3.66998e-07 3.66998e-07 3.66998e-07 3.66998e-07 1.52561e-07 1.52561e-07 1.52561e-07 1.52561e-07 9.33346e-08 9.33346e-08 9.33346e-08 9.33346e-08 1.83422e-08
3.66998e-07 3.0335e-07 2.63026e-07 1.7225e-07 7.63709e-08 7.63709e-08 1.44593e-07 3.66998e-07 3.66998e-07 3.66998e-07 3.66998e-07 3.66998e-07 3.66998e-07 3.66998e-07 3.66998e-07 3.66998e-07 3.66998e-07 1.52561e-07 1.52561e-07 1.52561e-07 1.52561e-07 9.33346e-08 9.33346e-08 9.33346e-08 9.33346e-08 1.83422e-08
3.66998e-07 3.0335e-07 2.63026e-07 1.7225e-07 7.63709e-08 7.63709e-08 1.44593e-07 3.66998e-07 3.66998e-07 3.66998e-07 3.66998e-07 3.66998e-07 3.66998e-07 3.66998e-07 3.66998e-07 3.66998e-07 3.66998e-07 1.52561e-07 1.52561e-07 1.52561e-07 1.52561e-07 9.33346e-08 9.33346e-08 9.33346e-08 9.33346e-08 1.83422e-08
3.66998e-07 6.66469e-08 5.3194e-08 2.2909e-08 2.96704e-08 2.96704e-08 1.44593e-07 3.66998e-07 3.66998e-07 3.66998e-07 3.66998e-07 3.66998e-07 3.66998e-07 3.66998e-07 3.66998e-07 3.66998e-07 3.66998e-07 1.52561e-07 1.52561e-07 1.52561e-07 1.52561e-07 9.33346e-08 9.33346e-08 9.33346e-08 9.33346e-08 1.83422e-08
3.66998e-07 3.0335e-07 2.63026e-07 1.7225e-07 7.63709e-08 7.63709e-08 1.44593e-07 3.66998e-07 3.66998e-07 3.66998e-07 3.66998e-07 3.66998e-07 3.66998e-07 3.66998e-07 3.66998e-07 3.66998e-07 3.66998e-07 1.52561e-07 1.52561e-07 1.52561e-07 1.52561e-07 9.33346e-08 9.33346e-08 9.33346e-08 9.33346e-08 1.83422e-08
3.66998e-07 3.0335e-07 2.63026e-07 1.7225e-07 7.63709e-08 7.63709e-08 1.44593e-07 3.66998e-07 3.66998e-07 3.66998e-07 3.66998e-07 3.66998e-07 3.66998e-07 3.66998e-07 3.66998e-07 3.66998e-07 3.66998e-07 1.52561e-07 1.52561e-07 1.52561e-07 1.52561e-07 9.33346e-08 9.33346e-08 9.33346e-08 9.33346e-08 1.83422e-08
3.66998e-07 6.66469e-08 5.3194e-08 2.2909e-08 2.96704e-08 2.96704e-08 1.44593e-07 3.66998e-07 3.66998e-07 3.66998e-07 3.66998e-07 3.66998e-07 3.66998e-07 3.66998e-07 3.66998e-07 3.66998e-07 3.66998e-07 1.52561e-07 1.52561e-07 1.52561e-07 1.52561e-07 9.33346e-08 9.33346e-08 9.33346e-08 9.33346e-08 1.83422e-08
3.66998e-07 3.0335e-07 2.63026e-07 1.7225e-07 7.63709e-08 7.63709e-08 1.44593e-07 3.66998e-07 3.66998e-07 3.66998e-07 3.66998e-07 3.66998e-07 3.66998e-07 3.66998e-07 3.66998e-07 3.66998e-07 3.66998e-07 1.52561e-07 1.52561e-07 1.52561e-07 1.52561e-07 9.33346e-08 9.33346e-08 9.33346e-08 9.33346e-08 1.83422e-08
1.11475e-07 1.45559e-08 3.50232e-08 5.84503e-08 6.50882e-08 6.50882e-08 1.05017e-07 1.11475e-07 1.11475e-07 1.11475e-07 1.11475e-07 1.11475e-07 1.11475e-07 1.11475e-07 1.11475e-07 1.11475e-07 1.11475e-07 2.94173e-07 2.94173e-07 2.94173e-07 2.94173e-07 9.437e-08 9.437e-08 9.437e-08 9.437e-08 2.35139e-08
1.11475e-07 1.37851e-07 1.95298e-07 2.78781e-07 1.95095e-07 1.95095e-07 1.05017e-07 1.11475e-07 1.11475e-07 1.11475e-07 1.11475e-07 1.11475e-07 1.11475e-07 1.11475e-07 1.11475e-07 1.11475e-07 1.11475e-07 2.94173e-07 2.94173e-07 2.94173e-07 2.94173e-07 9.437e-08 9.437e-08 9.437e-08 9.437e-08 2.35139e-08
1.11475e-07 1.45559e-08 3.50232e-08 5.84503e-08 6.50882e-08 6.50882e-08 1.05017e-07 1.11475e-07 1.11475e-07 1.11475e-07 1.11475e-07 1.11475e-07 1.11475e-07 1.11475e-07 1.11475e-07 1.11475e-07 1.11475e-07 2.94173e-07 2.94173e-07 2.94173e-07 2.94173e-07 9.437e-08 9.437e-08 9.437e-08 9.437e-08 2.35139e-08
1.11475e-07 1.37851e-07 1.95298e-07 2.78781e-07 1.95095e-07 1.95095e-07 1.05017e-07 1.11475e-07 1.11475e-07 1.11475e-07 1.11475e-07 1.11475e-07 1.11475e-07 1.11475e-07 1.11475e-07 1.11475e-07 1.11475e-07 2.94173e-07 2.94173e-07 2.94173e-07 2.94173e-07 9.437e-08 9.437e-08 9.437e-08 9.437e-08 2.35139e-08
7.81939e-08 1.93993e-08 1.81215e-08 2.30166e-08 3.86874e-08 3.86874e-08 6.71394e-08 7.81939e-08 7.81939e-08 7.81939e-08 7.81939e-08 7.81939e-08 7.81939e-08 7.81939e-08 7.81939e-08 7.81939e-08 7.81939e-08 1.08208e-07 1.08208e-07 1.08208e-07 1.08208e-07 2.37765e-07 2.37765e-07 2.37765e-07 2.37765e-07 5.54764e-08
7.81939e-08 1.93993e-08 1.81215e-08 2.30166e-08 3.86874e-08 3.86874e-08 6.71394e-08 7.81939e-08 7.81939e-08 7.81939e-08 7.81939e-08 7.81939e-08 7.81939e-08 7.81939e-08 7.81939e-08 7.81939e-08 7.81939e-08 1.08208e-07 1.08208e-07 1.08208e-07 1.08208e-07 2.37765e-07 2.37765e-07 2.37765e-07 2.37765e-07 5.54764e-08
7.81939e-08 1.93993e-08 1.81215e-08 2.30166e-08 3.86874e-08 3.86874e-08 6.71394e-08 7.81939e-08 7.81939e-08 7.81939e-08 7.81939e-08 7.81939e-08 7.81939e-08 7.81939e-08 7.81939e-08 7.81939e-08 7.81939e-08 1.08208e-07 1.08208e-07 1.08208e-07 1.08208e-07 2.37765e-07 2.37765e-07 2.37765e-07 2.37765e-07 5.54764e-08
7.81939e-08 1.93993e-08 1.81215e-08 2.30166e-08 3.86874e-08 3.86874e-08 6.71394e-08 7.81939e-08 7.81939e-08 7.81939e-08 7.81939e-08 7.81939e-08 7.81939e-08 7.81939e-08 7.81939e-08 7.81939e-08 7.81939e-08 1.08208e-07 1.08208e-07 1.08208e-07 1.08208e-07 2.37765e-07 2.37765e-07 2.37765e-07 2.37765e-07 5.54764e-08
2.62259e-08 8.23193e-09 1.02069e-08 1.29342e-08 1.39923e-08 1.39923e-08 1.73924e-08 2.62259e-08 2.62259e-08 2.62259e-08 2.62259e-08 2.62259e-08 2.62259e-08 2.62259e-08 2.62259e-08 2.62259e-08 2.62259e-08 3.36217e-08 3.36217e-08 3.36217e-08 3.36217e-08 7.59345e-08 7.59345e-08 7.59345e-08 7.59345e-08 3.00209e-07
