2.20199e-07 1.8201e-07 1.57816e-07 1.0335e-07 4.58226e-08 4.58226e-08 8.67557e-08 2.20199e-07 2.20199e-07 2.20199e-07 2.20199e-07 2.20199e-07 2.20199e-07 2.20199e-07 2.20199e-07 2.20199e-07 2.20199e-07 9.15368e-08 9.15368e-08 9.15368e-08 9.15368e-08 5.60008e-08 5.60008e-08 5.60008e-08 5.60008e-08 1.10053e-08
1.8201e-07 2.87196e-07 1.15608e-07 3.10472e-08 6.96106e-09 6.96106e-09 1.47407e-08 3.99881e-08 1.8201e-07 3.99881e-08 1.8201e-07 1.8201e-07 3.99881e-08 1.8201e-07 1.8201e-07 3.99881e-08 1.8201e-07 1.90866e-08 5.35722e-08 1.90866e-08 5.35722e-08 1.66465e-08 1.66465e-08 1.66465e-08 1.66465e-08 4.93916e-09
1.57815e-07 1.15608e-07 5.25034e-07 2.03973e-07 1.24138e-08 1.24138e-08 1.57794e-08 3.19163e-08 1.57815e-07 3.19163e-08 1.57815e-07 1.57815e-07 3.19163e-08 1.57815e-07 1.57815e-07 3.19163e-08 1.57815e-07 2.10138e-08 1.17179e-07 2.10138e-08 1.17179e-07 1.55507e-08 1.55507e-08 1.55507e-08 1.55507e-08 6.12412e-09
1.03313e-07 3.00859e-08 1.97771e-07 7.96822e-07 1.66727e-07 1.66727e-07 2.39117e-08 1.74686e-08 1.03313e-07 1.74686e-08 1.03313e-07 1.03313e-07 1.74686e-08 1.03313e-07 1.03313e-07 1.74686e-08 1.03313e-07 4.45926e-08 1.67229e-07 4.45926e-08 1.67229e-07 1.75615e-08 1.75615e-08 1.75615e-08 1.75615e-08 7.7522e-09
4.9967e-08 3.48064e-09 1.24138e-08 1.66733e-07 1.22659e-06 1.22659e-06 1.19665e-07 4.9967e-08 4.9967e-08 4.9967e-08 4.9967e-08 4.9967e-08 4.9967e-08 4.9967e-08 4.9967e-08 4.9967e-08 4.9967e-08 1.17057e-07 1.17057e-07 1.17057e-07 1.17057e-07 2.32145e-08 2.32145e-08 2.32145e-08 2.32145e-08 8.3954e-09
4.9967e-08 3.48064e-09 1.24138e-08 1.66733e-07 1.22659e-06 1.22659e-06 1.19665e-07 4.9967e-08 4.9967e-08 4.9967e-08 4.9967e-08 4.9967e-08 4.9967e-08 4.9967e-08 4.9967e-08 4.9967e-08 4.9967e-08 1.17057e-07 1.17057e-07 1.17057e-07 1.17057e-07 2.32145e-08 2.32145e-08 2.32145e-08 2.32145e-08 8.3954e-09
7.77554e-08 2.06523e-08 2.21071e-08 2.6159e-08 2.26445e-08 2.26445e-08 3.16956e-07 7.77554e-08 7.77554e-08 7.77554e-08 7.77554e-08 7.77554e-08 7.77554e-08 7.77554e-08 7.77554e-08 7.77554e-08 7.77554e-08 7.69032e-08 7.69032e-08 7.69032e-08 7.69032e-08 5.51265e-08 5.51265e-08 5.51265e-08 5.51265e-08 1.04379e-08
2.20199e-07 3.99881e-08 3.19164e-08 1.37454e-08 1.78022e-08 1.78022e-08 8.67557e-08 2.20199e-07 2.20199e-07 2.20199e-07 2.20199e-07 2.20199e-07 2.20199e-07 2.20199e-07 2.20199e-07 2.20199e-07 2.20199e-07 9.15368e-08 9.15368e-08 9.15368e-08 9.15368e-08 5.60008e-08 5.60008e-08 5.60008e-08 5.60008e-08 1.10053e-08
2.20199e-07 1.8201e-07 1.57816e-07 1.0335e-07 4.58226e-08 4.58226e-08 8.67557e-08 2.20199e-07 2.20199e-07 2.20199e-07 2.20199e-07 2.20199e-07 2.20199e-07 2.20199e-07 2.20199e-07 2.20199e-07 2.20199e-07 9.15368e-08 9.15368e-08 9.15368e-08 9.15368e-08 5.60008e-08 5.60008e-08 5.60008e-08 5.60008e-08 1.10053e-08
2.20199e-07 3.99881e-08 3.19164e-08 1.37454e-08 1.78022e-08 1.78022e-08 8.67557e-08 2.20199e-07 2.20199e-07 2.20199e-07 2.20199e-07 2.20199e-07 2.20199e-07 2.20199e-07 2.20199e-07 2.20199e-07 2.20199e-07 9.15368e-08 9.15368e-08 9.15368e-08 9.15368e-08 5.60008e-08 5.60008e-08 5.60008e-08 5.60008e-08 1.10053e-08
2.20199e-07 1.8201e-07 1.57816e-07 1.0335e-07 4.58226e-08 4.58226e-08 8.67557e-08 2.20199e-07 2.20199e-07 2.20199e-07 2.20199e-07 2.20199e-07 2.20199e-07 2.20199e-07 2.20199e-07 2.20199e-07 2.20199e-07 9.15368e-08 9.15368e-08 9.15368e-08 9.15368e-08 5.60008e-08 5.60008e-08 5.60008e-08 5.60008e-08 1.10053e-08
2.20199e-07 1.8201e-07 1.57816e-07 1.0335e-07 4.58226e-08 4.58226e-08 8.67557e-08 2.20199e-07 2.20199e-07 2.20199e-07 2.20199e-07 2.20199e-07 2.20199e-07 2.20199e-07 2.20199e-07 2.20199e-07 2.20199e-07 9.15368e-08 9.15368e-08 9.15368e-08 9.15368e-08 5.60008e-08 5.60008e-08 5.60008e-08 5.60008e-08 1.10053e-08
2.20199e-07 3.99881e-08 3.19164e-08 1.37454e-08 1.78022e-08 1.78022e-08 8.67557e-08 2.20199e-07 2.20199e-07 2.20199e-07 2.20199e-07 2.20199e-07 2.20199e-07 2.20199e-07 2.20199e-07 2.20199e-07 2.20199e-07 9.15368e-08 9.15368e-08 9.15368e-08 9.15368e-08 5.60008e-08 5.60008e-08 5.60008e-08 5.60008e-08 1.10053e-08
2.20199e-07 1.8201e-07 1.57816e-07 1.0335e-07 4.58226e-08 4.58226e-08 8.67557e-08 2.20199e-07 2.20199e-07 2.20199e-07 2.20199e-07 2.20199e-07 2.20199e-07 2.20199e-07 2.20199e-07 2.20199e-07 2.20199e-07 9.15368e-08 9.15368e-08 9.15368e-08 9.15368e-08 5.60008e-08 5.60008e-08 5.60008e-08 5.60008e-08 1.10053e-08
2.20199e-07 1.8201e-07 1.57816e-07 1.0335e-07 4.58226e-08 4.58226e-08 8.67557e-08 2.20199e-07 2.20199e-07 2.20199e-07 2.20199e-07 2.20199e-07 2.20199e-07 2.20199e-07 2.20199e-07 2.20199e-07 2.20199e-07 9.15368e-08 9.15368e-08 9.15368e-08 9.15368e-08 5.60008e-08 5.60008e-08 5.60008e-08 5.60008e-08 1.10053e-08
2.20199e-07 3.99881e-08 3.19164e-08 1.37454e-08 1.78022e-08 1.78022e-08 8.67557e-08 2.20199e-07 2.20199e-07 2.20199e-07 2.20199e-07 2.20199e-07 2.20199e-07 2.20199e-07 2.20199e-07 2.20199e-07 2.20199e-07 9.15368e-08 9.15368e-08 9.15368e-08 9.15368e-08 5.60008e-08 5.60008e-08 5.60008e-08 5.60008e-08 1.10053e-08
2.20199e-07 1.8201e-07 1.57816e-07 1.0335e-07 4.58226e-08 4.58226e-08 8.67557e-08 2.20199e-07 2.20199e-07 2.20199e-07 2.20199e-07 2.20199e-07 2.20199e-07 2.20199e-07 2.20199e-07 2.20199e-07 2.20199e-07 9.15368e-08 9.15368e-08 9.15368e-08 9.15368e-08 5.60008e-08 5.60008e-08 5.60008e-08 5.60008e-08 1.10053e-08
6.68852e-08 8.73355e-09 2.10139e-08 3.50702e-08 3.90529e-08 3.90529e-08 6.30102e-08 6.68852e-08 6.68852e-08 6.68852e-08 6.68852e-08 6.68852e-08 6.68852e-08 6.68852e-08 6.68852e-08 6.68852e-08 6.68852e-08 1.76504e-07 1.76504e-07 1.76504e-07 1.76504e-07 5.6622e-08 5.6622e-08 5.6622e-08 5.6622e-08 1.41084e-08
6.68852e-08 8.27107e-08 1.17179e-07 1.67269e-07 1.17057e-07 1.17057e-07 6.30102e-08 6.68852e-08 6.68852e-08 6.68852e-08 6.68852e-08 6.68852e-08 6.68852e-08 6.68852e-08 6.68852e-08 6.68852e-08 6.68852e-08 1.76504e-07 1.76504e-07 1.76504e-07 1.76504e-07 5.6622e-08 5.6622e-08 5.6622e-08 5.6622e-08 1.41084e-08
6.68852e-08 8.73355e-09 2.10139e-08 3.50702e-08 3.90529e-08 3.90529e-08 6.30102e-08 6.68852e-08 6.68852e-08 6.68852e-08 6.68852e-08 6.68852e-08 6.68852e-08 6.68852e-08 6.68852e-08 6.68852e-08 6.68852e-08 1.76504e-07 1.76504e-07 1.76504e-07 1.76504e-07 5.6622e-08 5.6622e-08 5.6622e-08 5.6622e-08 1.41084e-08
6.68852e-08 8.27107e-08 1.17179e-07 1.67269e-07 1.17057e-07 1.17057e-07 6.30102e-08 6.68852e-08 6.68852e-08 6.68852e-08 6.68852e-08 6.68852e-08 6.68852e-08 6.68852e-08 6.68852e-08 6.68852e-08 6.68852e-08 1.76504e-07 1.76504e-07 1.76504e-07 1.76504e-07 5.6622e-08 5.6622e-08 5.6622e-08 5.6622e-08 1.41084e-08
4.69164e-08 1.16396e-08 1.08729e-08 1.381e-08 2.32125e-08 2.32125e-08 4.02836e-08 4.69164e-08 4.69164e-08 4.69164e-08 4.69164e-08 4.69164e-08 4.69164e-08 4.69164e-08 4.69164e-08 4.69164e-08 4.69164e-08 6.49248e-08 6.49248e-08 6.49248e-08 6.49248e-08 1.42659e-07 1.42659e-07 1.42659e-07 1.42659e-07 3.32858e-08
4.69164e-08 1.16396e-08 1.08729e-08 1.381e-08 2.32125e-08 2.32125e-08 4.02836e-08 4.69164e-08 4.69164e-08 4.69164e-08 4.69164e-08 4.69164e-08 4.69164e-08 4.69164e-08 4.69164e-08 4.69164e-08 4.69164e-08 6.49248e-08 6.49248e-08 6.49248e-08 6.49248e-08 1.42659e-07 1.42659e-07 1.42659e-07 1.42659e-07 3.32858e-08
4.69164e-08 1.16396e-08 1.08729e-08 1.381e-08 2.32125e-08 2.32125e-08 4.02836e-08 4.69164e-08 4.69164e-08 4.69164e-08 4.69164e-08 4.69164e-08 4.69164e-08 4.69164e-08 4.69164e-08 4.69164e-08 4.69164e-08 6.49248e-08 6.49248e-08 6.49248e-08 6.49248e-08 1.42659e-07 1.42659e-07 1.42659e-07 1.42659e-07 3.32858e-08
4.69164e-08 1.16396e-08 1.08729e-08 1.381e-08 2.32125e-08 2.32125e-08 4.02836e-08 4.69164e-08 4.69164e-08 4.69164e-08 4.69164e-08 4.69164e-08 4.69164e-08 4.69164e-08 4.69164e-08 4.69164e-08 4.69164e-08 6.49248e-08 6.49248e-08 6.49248e-08 6.49248e-08 1.42659e-07 1.42659e-07 1.42659e-07 1.42659e-07 3.32858e-08
1.57356e-08 4.93916e-09 6.12412e-09 7.7605e-09 8.39539e-09 8.39539e-09 1.04354e-08 1.57356e-08 1.57356e-08 1.57356e-08 1.57356e-08 1.57356e-08 1.57356e-08 1.57356e-08 1.57356e-08 1.57356e-08 1.57356e-08 2.0173e-08 2.0173e-08 2.0173e-08 2.0173e-08 4.55607e-08 4.55607e-08 4.55607e-08 4.55607e-08 1.80125e-07
