1.10099e-06 9.10049e-07 7.89078e-07 5.16749e-07 2.29113e-07 2.29113e-07 4.33778e-07 1.10099e-06 1.10099e-06 1.10099e-06 1.10099e-06 1.10099e-06 1.10099e-06 1.10099e-06 1.10099e-06 1.10099e-06 1.10099e-06 4.57684e-07 4.57684e-07 4.57684e-07 4.57684e-07 2.80004e-07 2.80004e-07 2.80004e-07 2.80004e-07 5.50265e-08
9.10048e-07 1.43598e-06 5.78042e-07 1.55236e-07 3.48053e-08 3.48053e-08 7.37037e-08 1.9994e-07 9.10048e-07 1.9994e-07 9.10048e-07 9.10048e-07 1.9994e-07 9.10048e-07 9.10048e-07 1.9994e-07 9.10048e-07 9.54332e-08 2.67861e-07 9.54332e-08 2.67861e-07 8.32323e-08 8.32323e-08 8.32323e-08 8.32323e-08 2.46958e-08
7.89077e-07 5.7804e-07 2.62517e-06 1.01987e-06 6.2069e-08 6.2069e-08 7.88969e-08 1.59582e-07 7.89077e-07 1.59582e-07 7.89077e-07 7.89077e-07 1.59582e-07 7.89077e-07 7.89077e-07 1.59582e-07 7.89077e-07 1.05069e-07 5.85894e-07 1.05069e-07 5.85894e-07 7.77535e-08 7.77535e-08 7.77535e-08 7.77535e-08 3.06206e-08
5.16567e-07 1.5043e-07 9.88853e-07 3.98411e-06 8.33637e-07 8.33637e-07 1.19559e-07 8.73432e-08 5.16567e-07 8.73432e-08 5.16567e-07 5.16567e-07 8.73432e-08 5.16567e-07 5.16567e-07 8.73432e-08 5.16567e-07 2.22963e-07 8.36147e-07 2.22963e-07 8.36147e-07 8.78076e-08 8.78076e-08 8.78076e-08 8.78076e-08 3.8761e-08
2.49835e-07 1.74032e-08 6.20691e-08 8.33665e-07 6.13293e-06 6.13293e-06 5.98327e-07 2.49835e-07 2.49835e-07 2.49835e-07 2.49835e-07 2.49835e-07 2.49835e-07 2.49835e-07 2.49835e-07 2.49835e-07 2.49835e-07 5.85286e-07 5.85286e-07 5.85286e-07 5.85286e-07 1.16073e-07 1.16073e-07 1.16073e-07 1.16073e-07 4.1977e-08
2.49835e-07 1.74032e-08 6.20691e-08 8.33665e-07 6.13293e-06 6.13293e-06 5.98327e-07 2.49835e-07 2.49835e-07 2.49835e-07 2.49835e-07 2.49835e-07 2.49835e-07 2.49835e-07 2.49835e-07 2.49835e-07 2.49835e-07 5.85286e-07 5.85286e-07 5.85286e-07 5.85286e-07 1.16073e-07 1.16073e-07 1.16073e-07 1.16073e-07 4.1977e-08
3.88777e-07 1.03262e-07 1.10535e-07 1.30795e-07 1.13222e-07 1.13222e-07 1.58478e-06 3.88777e-07 3.88777e-07 3.88777e-07 3.88777e-07 3.88777e-07 3.88777e-07 3.88777e-07 3.88777e-07 3.88777e-07 3.88777e-07 3.84516e-07 3.84516e-07 3.84516e-07 3.84516e-07 2.75632e-07 2.75632e-07 2.75632e-07 2.75632e-07 5.21893e-08
1.10099e-06 1.99941e-07 1.59582e-07 6.87269e-08 8.90111e-08 8.90111e-08 4.33778e-07 1.10099e-06 1.10099e-06 1.10099e-06 1.10099e-06 1.10099e-06 1.10099e-06 1.10099e-06 1.10099e-06 1.10099e-06 1.10099e-06 4.57684e-07 4.57684e-07 4.57684e-07 4.57684e-07 2.80004e-07 2.80004e-07 2.80004e-07 2.80004e-07 5.50265e-08
1.10099e-06 9.10049e-07 7.89078e-07 5.16749e-07 2.29113e-07 2.29113e-07 4.33778e-07 1.10099e-06 1.10099e-06 1.10099e-06 1.10099e-06 1.10099e-06 1.10099e-06 1.10099e-06 1.10099e-06 1.10099e-06 1.10099e-06 4.57684e-07 4.57684e-07 4.57684e-07 4.57684e-07 2.80004e-07 2.80004e-07 2.80004e-07 2.80004e-07 5.50265e-08
1.10099e-06 1.99941e-07 1.59582e-07 6.87269e-08 8.90111e-08 8.90111e-08 4.33778e-07 1.10099e-06 1.10099e-06 1.10099e-06 1.10099e-06 1.10099e-06 1.10099e-06 1.10099e-06 1.10099e-06 1.10099e-06 1.10099e-06 4.57684e-07 4.57684e-07 4.57684e-07 4.57684e-07 2.80004e-07 2.80004e-07 2.80004e-07 2.80004e-07 5.50265e-08
1.10099e-06 9.10049e-07 7.89078e-07 5.16749e-07 2.29113e-07 2.29113e-07 4.33778e-07 1.10099e-06 1.10099e-06 1.10099e-06 1.10099e-06 1.10099e-06 1.10099e-06 1.10099e-06 1.10099e-06 1.10099e-06 1.10099e-06 4.57684e-07 4.57684e-07 4.57684e-07 4.57684e-07 2.80004e-07 2.80004e-07 2.80004e-07 2.80004e-07 5.50265e-08
1.10099e-06 9.10049e-07 7.89078e-07 5.16749e-07 2.29113e-07 2.29113e-07 4.33778e-07 1.10099e-06 1.10099e-06 1.10099e-06 1.10099e-06 1.10099e-06 1.10099e-06 1.10099e-06 1.10099e-06 1.10099e-06 1.10099e-06 4.57684e-07 4.57684e-07 4.57684e-07 4.57684e-07 2.80004e-07 2.80004e-07 2.80004e-07 2.80004e-07 5.50265e-08
1.10099e-06 1.99941e-07 1.59582e-07 6.87269e-08 8.90111e-08 8.90111e-08 4.33778e-07 1.10099e-06 1.10099e-06 1.10099e-06 1.10099e-06 1.10099e-06 1.10099e-06 1.10099e-06 1.10099e-06 1.10099e-06 1.10099e-06 4.57684e-07 4.57684e-07 4.57684e-07 4.57684e-07 2.80004e-07 2.80004e-07 2.80004e-07 2.80004e-07 5.50265e-08
1.10099e-06 9.10049e-07 7.89078e-07 5.16749e-07 2.29113e-07 2.29113e-07 4.33778e-07 1.10099e-06 1.10099e-06 1.10099e-06 1.10099e-06 1.10099e-06 1.10099e-06 1.10099e-06 1.10099e-06 1.10099e-06 1.10099e-06 4.57684e-07 4.57684e-07 4.57684e-07 4.57684e-07 2.80004e-07 2.80004e-07 2.80004e-07 2.80004e-07 5.50265e-08
1.10099e-06 9.10049e-07 7.89078e-07 5.16749e-07 2.29113e-07 2.29113e-07 4.33778e-07 1.10099e-06 1.10099e-06 1.10099e-06 1.10099e-06 1.10099e-06 1.10099e-06 1.10099e-06 1.10099e-06 1.10099e-06 1.10099e-06 4.57684e-07 4.57684e-07 4.57684e-07 4.57684e-07 2.80004e-07 2.80004e-07 2.80004e-07 2.80004e-07 5.50265e-08
1.10099e-06 1.99941e-07 1.59582e-07 6.87269e-08 8.90111e-08 8.90111e-08 4.33778e-07 1.10099e-06 1.10099e-06 1.10099e-06 1.10099e-06 1.10099e-06 1.10099e-06 1.10099e-06 1.10099e-06 1.10099e-06 1.10099e-06 4.57684e-07 4.57684e-07 4.57684e-07 4.57684e-07 2.80004e-07 2.80004e-07 2.80004e-07 2.80004e-07 5.50265e-08
1.10099e-06 9.10049e-07 7.89078e-07 5.16749e-07 2.29113e-07 2.29113e-07 4.33778e-07 1.10099e-06 1.10099e-06 1.10099e-06 1.10099e-06 1.10099e-06 1.10099e-06 1.10099e-06 1.10099e-06 1.10099e-06 1.10099e-06 4.57684e-07 4.57684e-07 4.57684e-07 4.57684e-07 2.80004e-07 2.80004e-07 2.80004e-07 2.80004e-07 5.50265e-08
3.34426e-07 4.36678e-08 1.0507e-07 1.75351e-07 1.95265e-07 1.95265e-07 3.15051e-07 3.34426e-07 3.34426e-07 3.34426e-07 3.34426e-07 3.34426e-07 3.34426e-07 3.34426e-07 3.34426e-07 3.34426e-07 3.34426e-07 8.82518e-07 8.82518e-07 8.82518e-07 8.82518e-07 2.8311e-07 2.8311e-07 2.8311e-07 2.8311e-07 7.05418e-08
3.34426e-07 4.13553e-07 5.85895e-07 8.36344e-07 5.85285e-07 5.85285e-07 3.15051e-07 3.34426e-07 3.34426e-07 3.34426e-07 3.34426e-07 3.34426e-07 3.34426e-07 3.34426e-07 3.34426e-07 3.34426e-07 3.34426e-07 8.82518e-07 8.82518e-07 8.82518e-07 8.82518e-07 2.8311e-07 2.8311e-07 2.8311e-07 2.8311e-07 7.05418e-08
3.34426e-07 4.36678e-08 1.0507e-07 1.75351e-07 1.95265e-07 1.95265e-07 3.15051e-07 3.34426e-07 3.34426e-07 3.34426e-07 3.34426e-07 3.34426e-07 3.34426e-07 3.34426e-07 3.34426e-07 3.34426e-07 3.34426e-07 8.82518e-07 8.82518e-07 8.82518e-07 8.82518e-07 2.8311e-07 2.8311e-07 2.8311e-07 2.8311e-07 7.05418e-08
3.34426e-07 4.13553e-07 5.85895e-07 8.36344e-07 5.85285e-07 5.85285e-07 3.15051e-07 3.34426e-07 3.34426e-07 3.34426e-07 3.34426e-07 3.34426e-07 3.34426e-07 3.34426e-07 3.34426e-07 3.34426e-07 3.34426e-07 8.82518e-07 8.82518e-07 8.82518e-07 8.82518e-07 2.8311e-07 2.8311e-07 2.8311e-07 2.8311e-07 7.05418e-08
2.34582e-07 5.81978e-08 5.43645e-08 6.90498e-08 1.16062e-07 1.16062e-07 2.01418e-07 2.34582e-07 2.34582e-07 2.34582e-07 2.34582e-07 2.34582e-07 2.34582e-07 2.34582e-07 2.34582e-07 2.34582e-07 2.34582e-07 3.24624e-07 3.24624e-07 3.24624e-07 3.24624e-07 7.13295e-07 7.13295e-07 7.13295e-07 7.13295e-07 1.66429e-07
2.34582e-07 5.81978e-08 5.43645e-08 6.90498e-08 1.16062e-07 1.16062e-07 2.01418e-07 2.34582e-07 2.34582e-07 2.34582e-07 2.34582e-07 2.34582e-07 2.34582e-07 2.34582e-07 2.34582e-07 2.34582e-07 2.34582e-07 3.24624e-07 3.24624e-07 3.24624e-07 3.24624e-07 7.13295e-07 7.13295e-07 7.13295e-07 7.13295e-07 1.66429e-07
2.34582e-07 5.81978e-08 5.43645e-08 6.90498e-08 1.16062e-07 1.16062e-07 2.01418e-07 2.34582e-07 2.34582e-07 2.34582e-07 2.34582e-07 2.34582e-07 2.34582e-07 2.34582e-07 2.34582e-07 2.34582e-07 2.34582e-07 3.24624e-07 3.24624e-07 3.24624e-07 3.24624e-07 7.13295e-07 7.13295e-07 7.13295e-07 7.13295e-07 1.66429e-07
2.34582e-07 5.81978e-08 5.43645e-08 6.90498e-08 1.16062e-07 1.16062e-07 2.01418e-07 2.34582e-07 2.34582e-07 2.34582e-07 2.34582e-07 2.34582e-07 2.34582e-07 2.34582e-07 2.34582e-07 2.34582e-07 2.34582e-07 3.24624e-07 3.24624e-07 3.24624e-07 3.24624e-07 7.13295e-07 7.13295e-07 7.13295e-07 7.13295e-07 1.66429e-07
7.86778e-08 2.46958e-08 3.06206e-08 3.88025e-08 4.19769e-08 4.19769e-08 5.21772e-08 7.86778e-08 7.86778e-08 7.86778e-08 7.86778e-08 7.86778e-08 7.86778e-08 7.86778e-08 7.86778e-08 7.86778e-08 7.86778e-08 1.00865e-07 1.00865e-07 1.00865e-07 1.00865e-07 2.27803e-07 2.27803e-07 2.27803e-07 2.27803e-07 9.00627e-07
