1.57285e-07 1.30007e-07 1.12725e-07 7.38213e-08 3.27304e-08 3.27304e-08 6.19684e-08 1.57285e-07 1.57285e-07 1.57285e-07 1.57285e-07 1.57285e-07 1.57285e-07 1.57285e-07 1.57285e-07 1.57285e-07 1.57285e-07 6.53834e-08 6.53834e-08 6.53834e-08 6.53834e-08 4.00006e-08 4.00006e-08 4.00006e-08 4.00006e-08 7.86093e-09
1.30007e-07 2.0514e-07 8.25774e-08 2.21766e-08 4.97218e-09 4.97218e-09 1.05291e-08 2.85629e-08 1.30007e-07 2.85629e-08 1.30007e-07 1.30007e-07 2.85629e-08 1.30007e-07 1.30007e-07 2.85629e-08 1.30007e-07 1.36333e-08 3.82658e-08 1.36333e-08 3.82658e-08 1.18903e-08 1.18903e-08 1.18903e-08 1.18903e-08 3.52797e-09
1.12725e-07 8.25771e-08 3.75025e-07 1.45695e-07 8.867e-09 8.867e-09 1.1271e-08 2.27974e-08 1.12725e-07 2.27974e-08 1.12725e-07 1.12725e-07 2.27974e-08 1.12725e-07 1.12725e-07 2.27974e-08 1.12725e-07 1.50099e-08 8.36992e-08 1.50099e-08 8.36992e-08 1.11076e-08 1.11076e-08 1.11076e-08 1.11076e-08 4.37437e-09
7.37952e-08 2.14899e-08 1.41265e-07 5.69158e-07 1.19091e-07 1.19091e-07 1.70798e-08 1.24776e-08 7.37952e-08 1.24776e-08 7.37952e-08 7.37952e-08 1.24776e-08 7.37952e-08 7.37952e-08 1.24776e-08 7.37952e-08 3.18519e-08 1.1945e-07 3.18519e-08 1.1945e-07 1.25439e-08 1.25439e-08 1.25439e-08 1.25439e-08 5.53728e-09
3.56907e-08 2.48617e-09 8.86701e-09 1.19095e-07 8.76132e-07 8.76132e-07 8.54752e-08 3.56907e-08 3.56907e-08 3.56907e-08 3.56907e-08 3.56907e-08 3.56907e-08 3.56907e-08 3.56907e-08 3.56907e-08 3.56907e-08 8.36123e-08 8.36123e-08 8.36123e-08 8.36123e-08 1.65818e-08 1.65818e-08 1.65818e-08 1.65818e-08 5.99671e-09
3.56907e-08 2.48617e-09 8.86701e-09 1.19095e-07 8.76132e-07 8.76132e-07 8.54752e-08 3.56907e-08 3.56907e-08 3.56907e-08 3.56907e-08 3.56907e-08 3.56907e-08 3.56907e-08 3.56907e-08 3.56907e-08 3.56907e-08 8.36123e-08 8.36123e-08 8.36123e-08 8.36123e-08 1.65818e-08 1.65818e-08 1.65818e-08 1.65818e-08 5.99671e-09
5.55396e-08 1.47517e-08 1.57908e-08 1.8685e-08 1.61746e-08 1.61746e-08 2.26397e-07 5.55396e-08 5.55396e-08 5.55396e-08 5.55396e-08 5.55396e-08 5.55396e-08 5.55396e-08 5.55396e-08 5.55396e-08 5.55396e-08 5.49309e-08 5.49309e-08 5.49309e-08 5.49309e-08 3.9376e-08 3.9376e-08 3.9376e-08 3.9376e-08 7.45562e-09
1.57285e-07 2.85629e-08 2.27974e-08 9.81812e-09 1.27159e-08 1.27159e-08 6.19684e-08 1.57285e-07 1.57285e-07 1.57285e-07 1.57285e-07 1.57285e-07 1.57285e-07 1.57285e-07 1.57285e-07 1.57285e-07 1.57285e-07 6.53834e-08 6.53834e-08 6.53834e-08 6.53834e-08 4.00006e-08 4.00006e-08 4.00006e-08 4.00006e-08 7.86093e-09
1.57285e-07 1.30007e-07 1.12725e-07 7.38213e-08 3.27304e-08 3.27304e-08 6.19684e-08 1.57285e-07 1.57285e-07 1.57285e-07 1.57285e-07 1.57285e-07 1.57285e-07 1.57285e-07 1.57285e-07 1.57285e-07 1.57285e-07 6.53834e-08 6.53834e-08 6.53834e-08 6.53834e-08 4.00006e-08 4.00006e-08 4.00006e-08 4.00006e-08 7.86093e-09
1.57285e-07 2.85629e-08 2.27974e-08 9.81812e-09 1.27159e-08 1.27159e-08 6.19684e-08 1.57285e-07 1.57285e-07 1.57285e-07 1.57285e-07 1.57285e-07 1.57285e-07 1.57285e-07 1.57285e-07 1.57285e-07 1.57285e-07 6.53834e-08 6.53834e-08 6.53834e-08 6.53834e-08 4.00006e-08 4.00006e-08 4.00006e-08 4.00006e-08 7.86093e-09
1.57285e-07 1.30007e-07 1.12725e-07 7.38213e-08 3.27304e-08 3.27304e-08 6.19684e-08 1.57285e-07 1.57285e-07 1.57285e-07 1.57285e-07 1.57285e-07 1.57285e-07 1.57285e-07 1.57285e-07 1.57285e-07 1.57285e-07 6.53834e-08 6.53834e-08 6.53834e-08 6.53834e-08 4.00006e-08 4.00006e-08 4.00006e-08 4.00006e-08 7.86093e-09
1.57285e-07 1.30007e-07 1.12725e-07 7.38213e-08 3.27304e-08 3.27304e-08 6.19684e-08 1.57285e-07 1.57285e-07 1.57285e-07 1.57285e-07 1.57285e-07 1.57285e-07 1.57285e-07 1.57285e-07 1.57285e-07 1.57285e-07 6.53834e-08 6.53834e-08 6.53834e-08 6.53834e-08 4.00006e-08 4.00006e-08 4.00006e-08 4.00006e-08 7.86093e-09
1.57285e-07 2.85629e-08 2.27974e-08 9.81812e-09 1.27159e-08 1.27159e-08 6.19684e-08 1.57285e-07 1.57285e-07 1.57285e-07 1.57285e-07 1.57285e-07 1.57285e-07 1.57285e-07 1.57285e-07 1.57285e-07 1.57285e-07 6.53834e-08 6.53834e-08 6.53834e-08 6.53834e-08 4.00006e-08 4.00006e-08 4.00006e-08 4.00006e-08 7.86093e-09
1.57285e-07 1.30007e-07 1.12725e-07 7.38213e-08 3.27304e-08 3.27304e-08 6.19684e-08 1.57285e-07 1.57285e-07 1.57285e-07 1.57285e-07 1.57285e-07 1.57285e-07 1.57285e-07 1.57285e-07 1.57285e-07 1.57285e-07 6.53834e-08 6.53834e-08 6.53834e-08 6.53834e-08 4.00006e-08 4.00006e-08 4.00006e-08 4.00006e-08 7.86093e-09
1.57285e-07 1.30007e-07 1.12725e-07 7.38213e-08 3.27304e-08 3.27304e-08 6.19684e-08 1.57285e-07 1.57285e-07 1.57285e-07 1.57285e-07 1.57285e-07 1.57285e-07 1.57285e-07 1.57285e-07 1.57285e-07 1.57285e-07 6.53834e-08 6.53834e-08 6.53834e-08 6.53834e-08 4.00006e-08 4.00006e-08 4.00006e-08 4.00006e-08 7.86093e-09
1.57285e-07 2.85629e-08 2.27974e-08 9.81812e-09 1.27159e-08 1.27159e-08 6.19684e-08 1.57285e-07 1.57285e-07 1.57285e-07 1.57285e-07 1.57285e-07 1.57285e-07 1.57285e-07 1.57285e-07 1.57285e-07 1.57285e-07 6.53834e-08 6.53834e-08 6.53834e-08 6.53834e-08 4.00006e-08 4.00006e-08 4.00006e-08 4.00006e-08 7.86093e-09
1.57285e-07 1.30007e-07 1.12725e-07 7.38213e-08 3.27304e-08 3.27304e-08 6.19684e-08 1.57285e-07 1.57285e-07 1.57285e-07 1.57285e-07 1.57285e-07 1.57285e-07 1.57285e-07 1.57285e-07 1.57285e-07 1.57285e-07 6.53834e-08 6.53834e-08 6.53834e-08 6.53834e-08 4.00006e-08 4.00006e-08 4.00006e-08 4.00006e-08 7.86093e-09
4.77752e-08 6.23825e-09 1.50099e-08 2.50501e-08 2.78949e-08 2.78949e-08 4.50073e-08 4.77752e-08 4.77752e-08 4.77752e-08 4.77752e-08 4.77752e-08 4.77752e-08 4.77752e-08 4.77752e-08 4.77752e-08 4.77752e-08 1.26074e-07 1.26074e-07 1.26074e-07 1.26074e-07 4.04443e-08 4.04443e-08 4.04443e-08 4.04443e-08 1.00774e-08
4.77752e-08 5.90791e-08 8.36993e-08 1.19478e-07 8.36121e-08 8.36121e-08 4.50073e-08 4.77752e-08 4.77752e-08 4.77752e-08 4.77752e-08 4.77752e-08 4.77752e-08 4.77752e-08 4.77752e-08 4.77752e-08 4.77752e-08 1.26074e-07 1.26074e-07 1.26074e-07 1.26074e-07 4.04443e-08 4.04443e-08 4.04443e-08 4.04443e-08 1.00774e-08
4.77752e-08 6.23825e-09 1.50099e-08 2.50501e-08 2.78949e-08 2.78949e-08 4.50073e-08 4.77752e-08 4.77752e-08 4.77752e-08 4.77752e-08 4.77752e-08 4.77752e-08 4.77752e-08 4.77752e-08 4.77752e-08 4.77752e-08 1.26074e-07 1.26074e-07 1.26074e-07 1.26074e-07 4.04443e-08 4.04443e-08 4.04443e-08 4.04443e-08 1.00774e-08
4.77752e-08 5.90791e-08 8.36993e-08 1.19478e-07 8.36121e-08 8.36121e-08 4.50073e-08 4.77752e-08 4.77752e-08 4.77752e-08 4.77752e-08 4.77752e-08 4.77752e-08 4.77752e-08 4.77752e-08 4.77752e-08 4.77752e-08 1.26074e-07 1.26074e-07 1.26074e-07 1.26074e-07 4.04443e-08 4.04443e-08 4.04443e-08 4.04443e-08 1.00774e-08
3.35117e-08 8.31396e-09 7.76636e-09 9.86425e-09 1.65803e-08 1.65803e-08 2.8774e-08 3.35117e-08 3.35117e-08 3.35117e-08 3.35117e-08 3.35117e-08 3.35117e-08 3.35117e-08 3.35117e-08 3.35117e-08 3.35117e-08 4.63748e-08 4.63748e-08 4.63748e-08 4.63748e-08 1.01899e-07 1.01899e-07 1.01899e-07 1.01899e-07 2.37756e-08
3.35117e-08 8.31396e-09 7.76636e-09 9.86425e-09 1.65803e-08 1.65803e-08 2.8774e-08 3.35117e-08 3.35117e-08 3.35117e-08 3.35117e-08 3.35117e-08 3.35117e-08 3.35117e-08 3.35117e-08 3.35117e-08 3.35117e-08 4.63748e-08 4.63748e-08 4.63748e-08 4.63748e-08 1.01899e-07 1.01899e-07 1.01899e-07 1.01899e-07 2.37756e-08
3.35117e-08 8.31396e-09 7.76636e-09 9.86425e-09 1.65803e-08 1.65803e-08 2.8774e-08 3.35117e-08 3.35117e-08 3.35117e-08 3.35117e-08 3.35117e-08 3.35117e-08 3.35117e-08 3.35117e-08 3.35117e-08 3.35117e-08 4.63748e-08 4.63748e-08 4.63748e-08 4.63748e-08 1.01899e-07 1.01899e-07 1.01899e-07 1.01899e-07 2.37756e-08
3.35117e-08 8.31396e-09 7.76636e-09 9.86425e-09 1.65803e-08 1.65803e-08 2.8774e-08 3.35117e-08 3.35117e-08 3.35117e-08 3.35117e-08 3.35117e-08 3.35117e-08 3.35117e-08 3.35117e-08 3.35117e-08 3.35117e-08 4.63748e-08 4.63748e-08 4.63748e-08 4.63748e-08 1.01899e-07 1.01899e-07 1.01899e-07 1.01899e-07 2.37756e-08
1.12397e-08 3.52797e-09 4.37437e-09 5.54321e-09 5.9967e-09 5.9967e-09 7.45389e-09 1.12397e-08 1.12397e-08 1.12397e-08 1.12397e-08 1.12397e-08 1.12397e-08 1.12397e-08 1.12397e-08 1.12397e-08 1.12397e-08 1.44093e-08 1.44093e-08 1.44093e-08 1.44093e-08 3.25433e-08 3.25433e-08 3.25433e-08 3.25433e-08 1.28661e-07
