5.50497e-07 4.55024e-07 3.94539e-07 2.58375e-07 1.14556e-07 1.14556e-07 2.16889e-07 5.50497e-07 5.50497e-07 5.50497e-07 5.50497e-07 5.50497e-07 5.50497e-07 5.50497e-07 5.50497e-07 5.50497e-07 5.50497e-07 2.28842e-07 2.28842e-07 2.28842e-07 2.28842e-07 1.40002e-07 1.40002e-07 1.40002e-07 1.40002e-07 2.75133e-08
4.55024e-07 7.1799e-07 2.89021e-07 7.7618e-08 1.74026e-08 1.74026e-08 3.68518e-08 9.99702e-08 4.55024e-07 9.99702e-08 4.55024e-07 4.55024e-07 9.99702e-08 4.55024e-07 4.55024e-07 9.99702e-08 4.55024e-07 4.77166e-08 1.3393e-07 4.77166e-08 1.3393e-07 4.16162e-08 4.16162e-08 4.16162e-08 4.16162e-08 1.23479e-08
3.94538e-07 2.8902e-07 1.31259e-06 5.09933e-07 3.10345e-08 3.10345e-08 3.94484e-08 7.97908e-08 3.94538e-07 7.97908e-08 3.94538e-07 3.94538e-07 7.97908e-08 3.94538e-07 3.94538e-07 7.97908e-08 3.94538e-07 5.25346e-08 2.92947e-07 5.25346e-08 2.92947e-07 3.88768e-08 3.88768e-08 3.88768e-08 3.88768e-08 1.53103e-08
2.58283e-07 7.52148e-08 4.94427e-07 1.99205e-06 4.16819e-07 4.16819e-07 5.97793e-08 4.36716e-08 2.58283e-07 4.36716e-08 2.58283e-07 2.58283e-07 4.36716e-08 2.58283e-07 2.58283e-07 4.36716e-08 2.58283e-07 1.11482e-07 4.18073e-07 1.11482e-07 4.18073e-07 4.39038e-08 4.39038e-08 4.39038e-08 4.39038e-08 1.93805e-08
1.24918e-07 8.7016e-09 3.10345e-08 4.16833e-07 3.06646e-06 3.06646e-06 2.99163e-07 1.24918e-07 1.24918e-07 1.24918e-07 1.24918e-07 1.24918e-07 1.24918e-07 1.24918e-07 1.24918e-07 1.24918e-07 1.24918e-07 2.92643e-07 2.92643e-07 2.92643e-07 2.92643e-07 5.80364e-08 5.80364e-08 5.80364e-08 5.80364e-08 2.09885e-08
1.24918e-07 8.7016e-09 3.10345e-08 4.16833e-07 3.06646e-06 3.06646e-06 2.99163e-07 1.24918e-07 1.24918e-07 1.24918e-07 1.24918e-07 1.24918e-07 1.24918e-07 1.24918e-07 1.24918e-07 1.24918e-07 1.24918e-07 2.92643e-07 2.92643e-07 2.92643e-07 2.92643e-07 5.80364e-08 5.80364e-08 5.80364e-08 5.80364e-08 2.09885e-08
1.94389e-07 5.16308e-08 5.52677e-08 6.53976e-08 5.66112e-08 5.66112e-08 7.92389e-07 1.94389e-07 1.94389e-07 1.94389e-07 1.94389e-07 1.94389e-07 1.94389e-07 1.94389e-07 1.94389e-07 1.94389e-07 1.94389e-07 1.92258e-07 1.92258e-07 1.92258e-07 1.92258e-07 1.37816e-07 1.37816e-07 1.37816e-07 1.37816e-07 2.60947e-08
5.50497e-07 9.99703e-08 7.97911e-08 3.43634e-08 4.45055e-08 4.45055e-08 2.16889e-07 5.50497e-07 5.50497e-07 5.50497e-07 5.50497e-07 5.50497e-07 5.50497e-07 5.50497e-07 5.50497e-07 5.50497e-07 5.50497e-07 2.28842e-07 2.28842e-07 2.28842e-07 2.28842e-07 1.40002e-07 1.40002e-07 1.40002e-07 1.40002e-07 2.75133e-08
5.50497e-07 4.55024e-07 3.94539e-07 2.58375e-07 1.14556e-07 1.14556e-07 2.16889e-07 5.50497e-07 5.50497e-07 5.50497e-07 5.50497e-07 5.50497e-07 5.50497e-07 5.50497e-07 5.50497e-07 5.50497e-07 5.50497e-07 2.28842e-07 2.28842e-07 2.28842e-07 2.28842e-07 1.40002e-07 1.40002e-07 1.40002e-07 1.40002e-07 2.75133e-08
5.50497e-07 9.99703e-08 7.97911e-08 3.43634e-08 4.45055e-08 4.45055e-08 2.16889e-07 5.50497e-07 5.50497e-07 5.50497e-07 5.50497e-07 5.50497e-07 5.50497e-07 5.50497e-07 5.50497e-07 5.50497e-07 5.50497e-07 2.28842e-07 2.28842e-07 2.28842e-07 2.28842e-07 1.40002e-07 1.40002e-07 1.40002e-07 1.40002e-07 2.75133e-08
5.50497e-07 4.55024e-07 3.94539e-07 2.58375e-07 1.14556e-07 1.14556e-07 2.16889e-07 5.50497e-07 5.50497e-07 5.50497e-07 5.50497e-07 5.50497e-07 5.50497e-07 5.50497e-07 5.50497e-07 5.50497e-07 5.50497e-07 2.28842e-07 2.28842e-07 2.28842e-07 2.28842e-07 1.40002e-07 1.40002e-07 1.40002e-07 1.40002e-07 2.75133e-08
5.50497e-07 4.55024e-07 3.94539e-07 2.58375e-07 1.14556e-07 1.14556e-07 2.16889e-07 5.50497e-07 5.50497e-07 5.50497e-07 5.50497e-07 5.50497e-07 5.50497e-07 5.50497e-07 5.50497e-07 5.50497e-07 5.50497e-07 2.28842e-07 2.28842e-07 2.28842e-07 2.28842e-07 1.40002e-07 1.40002e-07 1.40002e-07 1.40002e-07 2.75133e-08
5.50497e-07 9.99703e-08 7.97911e-08 3.43634e-08 4.45055e-08 4.45055e-08 2.16889e-07 5.50497e-07 5.50497e-07 5.50497e-07 5.50497e-07 5.50497e-07 5.50497e-07 5.50497e-07 5.50497e-07 5.50497e-07 5.50497e-07 2.28842e-07 2.28842e-07 2.28842e-07 2.28842e-07 1.40002e-07 1.40002e-07 1.40002e-07 1.40002e-07 2.75133e-08
5.50497e-07 4.55024e-07 3.94539e-07 2.58375e-07 1.14556e-07 1.14556e-07 2.16889e-07 5.50497e-07 5.50497e-07 5.50497e-07 5.50497e-07 5.50497e-07 5.50497e-07 5.50497e-07 5.50497e-07 5.50497e-07 5.50497e-07 2.28842e-07 2.28842e-07 2.28842e-07 2.28842e-07 1.40002e-07 1.40002e-07 1.40002e-07 1.40002e-07 2.75133e-08
5.50497e-07 4.55024e-07 3.94539e-07 2.58375e-07 1.14556e-07 1.14556e-07 2.16889e-07 5.50497e-07 5.50497e-07 5.50497e-07 5.50497e-07 5.50497e-07 5.50497e-07 5.50497e-07 5.50497e-07 5.50497e-07 5.50497e-07 2.28842e-07 2.28842e-07 2.28842e-07 2.28842e-07 1.40002e-07 1.40002e-07 1.40002e-07 1.40002e-07 2.75133e-08
5.50497e-07 9.99703e-08 7.97911e-08 3.43634e-08 4.45055e-08 4.45055e-08 2.16889e-07 5.50497e-07 5.50497e-07 5.50497e-07 5.50497e-07 5.50497e-07 5.50497e-07 5.50497e-07 5.50497e-07 5.50497e-07 5.50497e-07 2.28842e-07 2.28842e-07 2.28842e-07 2.28842e-07 1.40002e-07 1.40002e-07 1.40002e-07 1.40002e-07 2.75133e-08
5.50497e-07 4.55024e-07 3.94539e-07 2.58375e-07 1.14556e-07 1.14556e-07 2.16889e-07 5.50497e-07 5.50497e-07 5.50497e-07 5.50497e-07 5.50497e-07 5.50497e-07 5.50497e-07 5.50497e-07 5.50497e-07 5.50497e-07 2.28842e-07 2.28842e-07 2.28842e-07 2.28842e-07 1.40002e-07 1.40002e-07 1.40002e-07 1.40002e-07 2.75133e-08
1.67213e-07 2.18339e-08 5.25348e-08 8.76755e-08 9.76323e-08 9.76323e-08 1.57526e-07 1.67213e-07 1.67213e-07 1.67213e-07 1.67213e-07 1.67213e-07 1.67213e-07 1.67213e-07 1.67213e-07 1.67213e-07 1.67213e-07 4.41259e-07 4.41259e-07 4.41259e-07 4.41259e-07 1.41555e-07 1.41555e-07 1.41555e-07 1.41555e-07 3.52709e-08
1.67213e-07 2.06777e-07 2.92948e-07 4.18172e-07 2.92642e-07 2.92642e-07 1.57526e-07 1.67213e-07 1.67213e-07 1.67213e-07 1.67213e-07 1.67213e-07 1.67213e-07 1.67213e-07 1.67213e-07 1.67213e-07 1.67213e-07 4.41259e-07 4.41259e-07 4.41259e-07 4.41259e-07 1.41555e-07 1.41555e-07 1.41555e-07 1.41555e-07 3.52709e-08
1.67213e-07 2.18339e-08 5.25348e-08 8.76755e-08 9.76323e-08 9.76323e-08 1.57526e-07 1.67213e-07 1.67213e-07 1.67213e-07 1.67213e-07 1.67213e-07 1.67213e-07 1.67213e-07 1.67213e-07 1.67213e-07 1.67213e-07 4.41259e-07 4.41259e-07 4.41259e-07 4.41259e-07 1.41555e-07 1.41555e-07 1.41555e-07 1.41555e-07 3.52709e-08
1.67213e-07 2.06777e-07 2.92948e-07 4.18172e-07 2.92642e-07 2.92642e-07 1.57526e-07 1.67213e-07 1.67213e-07 1.67213e-07 1.67213e-07 1.67213e-07 1.67213e-07 1.67213e-07 1.67213e-07 1.67213e-07 1.67213e-07 4.41259e-07 4.41259e-07 4.41259e-07 4.41259e-07 1.41555e-07 1.41555e-07 1.41555e-07 1.41555e-07 3.52709e-08
1.17291e-07 2.90989e-08 2.71823e-08 3.45249e-08 5.80312e-08 5.80312e-08 1.00709e-07 1.17291e-07 1.17291e-07 1.17291e-07 1.17291e-07 1.17291e-07 1.17291e-07 1.17291e-07 1.17291e-07 1.17291e-07 1.17291e-07 1.62312e-07 1.62312e-07 1.62312e-07 1.62312e-07 3.56647e-07 3.56647e-07 3.56647e-07 3.56647e-07 8.32145e-08
1.17291e-07 2.90989e-08 2.71823e-08 3.45249e-08 5.80312e-08 5.80312e-08 1.00709e-07 1.17291e-07 1.17291e-07 1.17291e-07 1.17291e-07 1.17291e-07 1.17291e-07 1.17291e-07 1.17291e-07 1.17291e-07 1.17291e-07 1.62312e-07 1.62312e-07 1.62312e-07 1.62312e-07 3.56647e-07 3.56647e-07 3.56647e-07 3.56647e-07 8.32145e-08
1.17291e-07 2.90989e-08 2.71823e-08 3.45249e-08 5.80312e-08 5.80312e-08 1.00709e-07 1.17291e-07 1.17291e-07 1.17291e-07 1.17291e-07 1.17291e-07 1.17291e-07 1.17291e-07 1.17291e-07 1.17291e-07 1.17291e-07 1.62312e-07 1.62312e-07 1.62312e-07 1.62312e-07 3.56647e-07 3.56647e-07 3.56647e-07 3.56647e-07 8.32145e-08
1.17291e-07 2.90989e-08 2.71823e-08 3.45249e-08 5.80312e-08 5.80312e-08 1.00709e-07 1.17291e-07 1.17291e-07 1.17291e-07 1.17291e-07 1.17291e-07 1.17291e-07 1.17291e-07 1.17291e-07 1.17291e-07 1.17291e-07 1.62312e-07 1.62312e-07 1.62312e-07 1.62312e-07 3.56647e-07 3.56647e-07 3.56647e-07 3.56647e-07 8.32145e-08
3.93389e-08 1.23479e-08 1.53103e-08 1.94012e-08 2.09885e-08 2.09885e-08 2.60886e-08 3.93389e-08 3.93389e-08 3.93389e-08 3.93389e-08 3.93389e-08 3.93389e-08 3.93389e-08 3.93389e-08 3.93389e-08 3.93389e-08 5.04326e-08 5.04326e-08 5.04326e-08 5.04326e-08 1.13902e-07 1.13902e-07 1.13902e-07 1.13902e-07 4.50314e-07
