7.70696e-06 6.37034e-06 5.52355e-06 3.61725e-06 1.60379e-06 1.60379e-06 3.03645e-06 7.70696e-06 7.70696e-06 7.70696e-06 7.70696e-06 7.70696e-06 7.70696e-06 7.70696e-06 7.70696e-06 7.70696e-06 7.70696e-06 3.20379e-06 3.20379e-06 3.20379e-06 3.20379e-06 1.96003e-06 1.96003e-06 1.96003e-06 1.96003e-06 3.85186e-07
6.37034e-06 1.00519e-05 4.04629e-06 1.08665e-06 2.43637e-07 2.43637e-07 5.15926e-07 1.39958e-06 6.37034e-06 1.39958e-06 6.37034e-06 6.37034e-06 1.39958e-06 6.37034e-06 6.37034e-06 1.39958e-06 6.37034e-06 6.68033e-07 1.87503e-06 6.68033e-07 1.87503e-06 5.82626e-07 5.82626e-07 5.82626e-07 5.82626e-07 1.72871e-07
5.52354e-06 4.04628e-06 1.83762e-05 7.13906e-06 4.34483e-07 4.34483e-07 5.52278e-07 1.11707e-06 5.52354e-06 1.11707e-06 5.52354e-06 5.52354e-06 1.11707e-06 5.52354e-06 5.52354e-06 1.11707e-06 5.52354e-06 7.35484e-07 4.10126e-06 7.35484e-07 4.10126e-06 5.44275e-07 5.44275e-07 5.44275e-07 5.44275e-07 2.14344e-07
3.61597e-06 1.05301e-06 6.92197e-06 2.78888e-05 5.83546e-06 5.83546e-06 8.36911e-07 6.11402e-07 3.61597e-06 6.11402e-07 3.61597e-06 3.61597e-06 6.11402e-07 3.61597e-06 3.61597e-06 6.11402e-07 3.61597e-06 1.56074e-06 5.85303e-06 1.56074e-06 5.85303e-06 6.14653e-07 6.14653e-07 6.14653e-07 6.14653e-07 2.71327e-07
1.74885e-06 1.21822e-07 4.34484e-07 5.83566e-06 4.29305e-05 4.29305e-05 4.18829e-06 1.74885e-06 1.74885e-06 1.74885e-06 1.74885e-06 1.74885e-06 1.74885e-06 1.74885e-06 1.74885e-06 1.74885e-06 1.74885e-06 4.097e-06 4.097e-06 4.097e-06 4.097e-06 8.12509e-07 8.12509e-07 8.12509e-07 8.12509e-07 2.93839e-07
1.74885e-06 1.21822e-07 4.34484e-07 5.83566e-06 4.29305e-05 4.29305e-05 4.18829e-06 1.74885e-06 1.74885e-06 1.74885e-06 1.74885e-06 1.74885e-06 1.74885e-06 1.74885e-06 1.74885e-06 1.74885e-06 1.74885e-06 4.097e-06 4.097e-06 4.097e-06 4.097e-06 8.12509e-07 8.12509e-07 8.12509e-07 8.12509e-07 2.93839e-07
2.72144e-06 7.22831e-07 7.73747e-07 9.15566e-07 7.92556e-07 7.92556e-07 1.10935e-05 2.72144e-06 2.72144e-06 2.72144e-06 2.72144e-06 2.72144e-06 2.72144e-06 2.72144e-06 2.72144e-06 2.72144e-06 2.72144e-06 2.69161e-06 2.69161e-06 2.69161e-06 2.69161e-06 1.92943e-06 1.92943e-06 1.92943e-06 1.92943e-06 3.65325e-07
7.70696e-06 1.39958e-06 1.11707e-06 4.81088e-07 6.23078e-07 6.23078e-07 3.03645e-06 7.70696e-06 7.70696e-06 7.70696e-06 7.70696e-06 7.70696e-06 7.70696e-06 7.70696e-06 7.70696e-06 7.70696e-06 7.70696e-06 3.20379e-06 3.20379e-06 3.20379e-06 3.20379e-06 1.96003e-06 1.96003e-06 1.96003e-06 1.96003e-06 3.85186e-07
7.70696e-06 6.37034e-06 5.52355e-06 3.61725e-06 1.60379e-06 1.60379e-06 3.03645e-06 7.70696e-06 7.70696e-06 7.70696e-06 7.70696e-06 7.70696e-06 7.70696e-06 7.70696e-06 7.70696e-06 7.70696e-06 7.70696e-06 3.20379e-06 3.20379e-06 3.20379e-06 3.20379e-06 1.96003e-06 1.96003e-06 1.96003e-06 1.96003e-06 3.85186e-07
7.70696e-06 1.39958e-06 1.11707e-06 4.81088e-07 6.23078e-07 6.23078e-07 3.03645e-06 7.70696e-06 7.70696e-06 7.70696e-06 7.70696e-06 7.70696e-06 7.70696e-06 7.70696e-06 7.70696e-06 7.70696e-06 7.70696e-06 3.20379e-06 3.20379e-06 3.20379e-06 3.20379e-06 1.96003e-06 1.96003e-06 1.96003e-06 1.96003e-06 3.85186e-07
7.70696e-06 6.37034e-06 5.52355e-06 3.61725e-06 1.60379e-06 1.60379e-06 3.03645e-06 7.70696e-06 7.70696e-06 7.70696e-06 7.70696e-06 7.70696e-06 7.70696e-06 7.70696e-06 7.70696e-06 7.70696e-06 7.70696e-06 3.20379e-06 3.20379e-06 3.20379e-06 3.20379e-06 1.96003e-06 1.96003e-06 1.96003e-06 1.96003e-06 3.85186e-07
7.70696e-06 6.37034e-06 5.52355e-06 3.61725e-06 1.60379e-06 1.60379e-06 3.03645e-06 7.70696e-06 7.70696e-06 7.70696e-06 7.70696e-06 7.70696e-06 7.70696e-06 7.70696e-06 7.70696e-06 7.70696e-06 7.70696e-06 3.20379e-06 3.20379e-06 3.20379e-06 3.20379e-06 1.96003e-06 1.96003e-06 1.96003e-06 1.96003e-06 3.85186e-07
7.70696e-06 1.39958e-06 1.11707e-06 4.81088e-07 6.23078e-07 6.23078e-07 3.03645e-06 7.70696e-06 7.70696e-06 7.70696e-06 7.70696e-06 7.70696e-06 7.70696e-06 7.70696e-06 7.70696e-06 7.70696e-06 7.70696e-06 3.20379e-06 3.20379e-06 3.20379e-06 3.20379e-06 1.96003e-06 1.96003e-06 1.96003e-06 1.96003e-06 3.85186e-07
7.70696e-06 6.37034e-06 5.52355e-06 3.61725e-06 1.60379e-06 1.60379e-06 3.03645e-06 7.70696e-06 7.70696e-06 7.70696e-06 7.70696e-06 7.70696e-06 7.70696e-06 7.70696e-06 7.70696e-06 7.70696e-06 7.70696e-06 3.20379e-06 3.20379e-06 3.20379e-06 3.20379e-06 1.96003e-06 1.96003e-06 1.96003e-06 1.96003e-06 3.85186e-07
7.70696e-06 6.37034e-06 5.52355e-06 3.61725e-06 1.60379e-06 1.60379e-06 3.03645e-06 7.70696e-06 7.70696e-06 7.70696e-06 7.70696e-06 7.70696e-06 7.70696e-06 7.70696e-06 7.70696e-06 7.70696e-06 7.70696e-06 3.20379e-06 3.20379e-06 3.20379e-06 3.20379e-06 1.96003e-06 1.96003e-06 1.96003e-06 1.96003e-06 3.85186e-07
7.70696e-06 1.39958e-06 1.11707e-06 4.81088e-07 6.23078e-07 6.23078e-07 3.03645e-06 7.70696e-06 7.70696e-06 7.70696e-06 7.70696e-06 7.70696e-06 7.70696e-06 7.70696e-06 7.70696e-06 7.70696e-06 7.70696e-06 3.20379e-06 3.20379e-06 3.20379e-06 3.20379e-06 1.96003e-06 1.96003e-06 1.96003e-06 1.96003e-06 3.85186e-07
7.70696e-06 6.37034e-06 5.52355e-06 3.61725e-06 1.60379e-06 1.60379e-06 3.03645e-06 7.70696e-06 7.70696e-06 7.70696e-06 7.70696e-06 7.70696e-06 7.70696e-06 7.70696e-06 7.70696e-06 7.70696e-06 7.70696e-06 3.20379e-06 3.20379e-06 3.20379e-06 3.20379e-06 1.96003e-06 1.96003e-06 1.96003e-06 1.96003e-06 3.85186e-07
2.34098e-06 3.05674e-07 7.35487e-07 1.22746e-06 1.36685e-06 1.36685e-06 2.20536e-06 2.34098e-06 2.34098e-06 2.34098e-06 2.34098e-06 2.34098e-06 2.34098e-06 2.34098e-06 2.34098e-06 2.34098e-06 2.34098e-06 6.17763e-06 6.17763e-06 6.17763e-06 6.17763e-06 1.98177e-06 1.98177e-06 1.98177e-06 1.98177e-06 4.93793e-07
2.34098e-06 2.89487e-06 4.10127e-06 5.85441e-06 4.09699e-06 4.09699e-06 2.20536e-06 2.34098e-06 2.34098e-06 2.34098e-06 2.34098e-06 2.34098e-06 2.34098e-06 2.34098e-06 2.34098e-06 2.34098e-06 2.34098e-06 6.17763e-06 6.17763e-06 6.17763e-06 6.17763e-06 1.98177e-06 1.98177e-06 1.98177e-06 1.98177e-06 4.93793e-07
2.34098e-06 3.05674e-07 7.35487e-07 1.22746e-06 1.36685e-06 1.36685e-06 2.20536e-06 2.34098e-06 2.34098e-06 2.34098e-06 2.34098e-06 2.34098e-06 2.34098e-06 2.34098e-06 2.34098e-06 2.34098e-06 2.34098e-06 6.17763e-06 6.17763e-06 6.17763e-06 6.17763e-06 1.98177e-06 1.98177e-06 1.98177e-06 1.98177e-06 4.93793e-07
2.34098e-06 2.89487e-06 4.10127e-06 5.85441e-06 4.09699e-06 4.09699e-06 2.20536e-06 2.34098e-06 2.34098e-06 2.34098e-06 2.34098e-06 2.34098e-06 2.34098e-06 2.34098e-06 2.34098e-06 2.34098e-06 2.34098e-06 6.17763e-06 6.17763e-06 6.17763e-06 6.17763e-06 1.98177e-06 1.98177e-06 1.98177e-06 1.98177e-06 4.93793e-07
1.64207e-06 4.07384e-07 3.80552e-07 4.83348e-07 8.12436e-07 8.12436e-07 1.40993e-06 1.64207e-06 1.64207e-06 1.64207e-06 1.64207e-06 1.64207e-06 1.64207e-06 1.64207e-06 1.64207e-06 1.64207e-06 1.64207e-06 2.27237e-06 2.27237e-06 2.27237e-06 2.27237e-06 4.99306e-06 4.99306e-06 4.99306e-06 4.99306e-06 1.165e-06
1.64207e-06 4.07384e-07 3.80552e-07 4.83348e-07 8.12436e-07 8.12436e-07 1.40993e-06 1.64207e-06 1.64207e-06 1.64207e-06 1.64207e-06 1.64207e-06 1.64207e-06 1.64207e-06 1.64207e-06 1.64207e-06 1.64207e-06 2.27237e-06 2.27237e-06 2.27237e-06 2.27237e-06 4.99306e-06 4.99306e-06 4.99306e-06 4.99306e-06 1.165e-06
1.64207e-06 4.07384e-07 3.80552e-07 4.83348e-07 8.12436e-07 8.12436e-07 1.40993e-06 1.64207e-06 1.64207e-06 1.64207e-06 1.64207e-06 1.64207e-06 1.64207e-06 1.64207e-06 1.64207e-06 1.64207e-06 1.64207e-06 2.27237e-06 2.27237e-06 2.27237e-06 2.27237e-06 4.99306e-06 4.99306e-06 4.99306e-06 4.99306e-06 1.165e-06
1.64207e-06 4.07384e-07 3.80552e-07 4.83348e-07 8.12436e-07 8.12436e-07 1.40993e-06 1.64207e-06 1.64207e-06 1.64207e-06 1.64207e-06 1.64207e-06 1.64207e-06 1.64207e-06 1.64207e-06 1.64207e-06 1.64207e-06 2.27237e-06 2.27237e-06 2.27237e-06 2.27237e-06 4.99306e-06 4.99306e-06 4.99306e-06 4.99306e-06 1.165e-06
5.50745e-07 1.72871e-07 2.14344e-07 2.71617e-07 2.93839e-07 2.93839e-07 3.6524e-07 5.50745e-07 5.50745e-07 5.50745e-07 5.50745e-07 5.50745e-07 5.50745e-07 5.50745e-07 5.50745e-07 5.50745e-07 5.50745e-07 7.06056e-07 7.06056e-07 7.06056e-07 7.06056e-07 1.59462e-06 1.59462e-06 1.59462e-06 1.59462e-06 6.30439e-06
