1.10099e-07 9.10049e-08 7.89078e-08 5.16749e-08 2.29113e-08 2.29113e-08 4.33778e-08 1.10099e-07 1.10099e-07 1.10099e-07 1.10099e-07 1.10099e-07 1.10099e-07 1.10099e-07 1.10099e-07 1.10099e-07 1.10099e-07 4.57684e-08 4.57684e-08 4.57684e-08 4.57684e-08 2.80004e-08 2.80004e-08 2.80004e-08 2.80004e-08 5.50265e-09
9.10048e-08 1.43598e-07 5.78042e-08 1.55236e-08 3.48053e-09 3.48053e-09 7.37037e-09 1.9994e-08 9.10048e-08 1.9994e-08 9.10048e-08 9.10048e-08 1.9994e-08 9.10048e-08 9.10048e-08 1.9994e-08 9.10048e-08 9.54332e-09 2.67861e-08 9.54332e-09 2.67861e-08 8.32323e-09 8.32323e-09 8.32323e-09 8.32323e-09 2.46958e-09
7.89077e-08 5.7804e-08 2.62517e-07 1.01987e-07 6.2069e-09 6.2069e-09 7.88969e-09 1.59582e-08 7.89077e-08 1.59582e-08 7.89077e-08 7.89077e-08 1.59582e-08 7.89077e-08 7.89077e-08 1.59582e-08 7.89077e-08 1.05069e-08 5.85894e-08 1.05069e-08 5.85894e-08 7.77535e-09 7.77535e-09 7.77535e-09 7.77535e-09 3.06206e-09
5.16567e-08 1.5043e-08 9.88853e-08 3.98411e-07 8.33637e-08 8.33637e-08 1.19559e-08 8.73432e-09 5.16567e-08 8.73432e-09 5.16567e-08 5.16567e-08 8.73432e-09 5.16567e-08 5.16567e-08 8.73432e-09 5.16567e-08 2.22963e-08 8.36147e-08 2.22963e-08 8.36147e-08 8.78076e-09 8.78076e-09 8.78076e-09 8.78076e-09 3.8761e-09
2.49835e-08 1.74032e-09 6.20691e-09 8.33665e-08 6.13293e-07 6.13293e-07 5.98327e-08 2.49835e-08 2.49835e-08 2.49835e-08 2.49835e-08 2.49835e-08 2.49835e-08 2.49835e-08 2.49835e-08 2.49835e-08 2.49835e-08 5.85286e-08 5.85286e-08 5.85286e-08 5.85286e-08 1.16073e-08 1.16073e-08 1.16073e-08 1.16073e-08 4.1977e-09
2.49835e-08 1.74032e-09 6.20691e-09 8.33665e-08 6.13293e-07 6.13293e-07 5.98327e-08 2.49835e-08 2.49835e-08 2.49835e-08 2.49835e-08 2.49835e-08 2.49835e-08 2.49835e-08 2.49835e-08 2.49835e-08 2.49835e-08 5.85286e-08 5.85286e-08 5.85286e-08 5.85286e-08 1.16073e-08 1.16073e-08 1.16073e-08 1.16073e-08 4.1977e-09
3.88777e-08 1.03262e-08 1.10535e-08 1.30795e-08 1.13222e-08 1.13222e-08 1.58478e-07 3.88777e-08 3.88777e-08 3.88777e-08 3.88777e-08 3.88777e-08 3.88777e-08 3.88777e-08 3.88777e-08 3.88777e-08 3.88777e-08 3.84516e-08 3.84516e-08 3.84516e-08 3.84516e-08 2.75632e-08 2.75632e-08 2.75632e-08 2.75632e-08 5.21893e-09
1.10099e-07 1.99941e-08 1.59582e-08 6.87269e-09 8.90111e-09 8.90111e-09 4.33778e-08 1.10099e-07 1.10099e-07 1.10099e-07 1.10099e-07 1.10099e-07 1.10099e-07 1.10099e-07 1.10099e-07 1.10099e-07 1.10099e-07 4.57684e-08 4.57684e-08 4.57684e-08 4.57684e-08 2.80004e-08 2.80004e-08 2.80004e-08 2.80004e-08 5.50265e-09
1.10099e-07 9.10049e-08 7.89078e-08 5.16749e-08 2.29113e-08 2.29113e-08 4.33778e-08 1.10099e-07 1.10099e-07 1.10099e-07 1.10099e-07 1.10099e-07 1.10099e-07 1.10099e-07 1.10099e-07 1.10099e-07 1.10099e-07 4.57684e-08 4.57684e-08 4.57684e-08 4.57684e-08 2.80004e-08 2.80004e-08 2.80004e-08 2.80004e-08 5.50265e-09
1.10099e-07 1.99941e-08 1.59582e-08 6.87269e-09 8.90111e-09 8.90111e-09 4.33778e-08 1.10099e-07 1.10099e-07 1.10099e-07 1.10099e-07 1.10099e-07 1.10099e-07 1.10099e-07 1.10099e-07 1.10099e-07 1.10099e-07 4.57684e-08 4.57684e-08 4.57684e-08 4.57684e-08 2.80004e-08 2.80004e-08 2.80004e-08 2.80004e-08 5.50265e-09
1.10099e-07 9.10049e-08 7.89078e-08 5.16749e-08 2.29113e-08 2.29113e-08 4.33778e-08 1.10099e-07 1.10099e-07 1.10099e-07 1.10099e-07 1.10099e-07 1.10099e-07 1.10099e-07 1.10099e-07 1.10099e-07 1.10099e-07 4.57684e-08 4.57684e-08 4.57684e-08 4.57684e-08 2.80004e-08 2.80004e-08 2.80004e-08 2.80004e-08 5.50265e-09
1.10099e-07 9.10049e-08 7.89078e-08 5.16749e-08 2.29113e-08 2.29113e-08 4.33778e-08 1.10099e-07 1.10099e-07 1.10099e-07 1.10099e-07 1.10099e-07 1.10099e-07 1.10099e-07 1.10099e-07 1.10099e-07 1.10099e-07 4.57684e-08 4.57684e-08 4.57684e-08 4.57684e-08 2.80004e-08 2.80004e-08 2.80004e-08 2.80004e-08 5.50265e-09
1.10099e-07 1.99941e-08 1.59582e-08 6.87269e-09 8.90111e-09 8.90111e-09 4.33778e-08 1.10099e-07 1.10099e-07 1.10099e-07 1.10099e-07 1.10099e-07 1.10099e-07 1.10099e-07 1.10099e-07 1.10099e-07 1.10099e-07 4.57684e-08 4.57684e-08 4.57684e-08 4.57684e-08 2.80004e-08 2.80004e-08 2.80004e-08 2.80004e-08 5.50265e-09
1.10099e-07 9.10049e-08 7.89078e-08 5.16749e-08 2.29113e-08 2.29113e-08 4.33778e-08 1.10099e-07 1.10099e-07 1.10099e-07 1.10099e-07 1.10099e-07 1.10099e-07 1.10099e-07 1.10099e-07 1.10099e-07 1.10099e-07 4.57684e-08 4.57684e-08 4.57684e-08 4.57684e-08 2.80004e-08 2.80004e-08 2.80004e-08 2.80004e-08 5.50265e-09
1.10099e-07 9.10049e-08 7.89078e-08 5.16749e-08 2.29113e-08 2.29113e-08 4.33778e-08 1.10099e-07 1.10099e-07 1.10099e-07 1.10099e-07 1.10099e-07 1.10099e-07 1.10099e-07 1.10099e-07 1.10099e-07 1.10099e-07 4.57684e-08 4.57684e-08 4.57684e-08 4.57684e-08 2.80004e-08 2.80004e-08 2.80004e-08 2.80004e-08 5.50265e-09
1.10099e-07 1.99941e-08 1.59582e-08 6.87269e-09 8.90111e-09 8.90111e-09 4.33778e-08 1.10099e-07 1.10099e-07 1.10099e-07 1.10099e-07 1.10099e-07 1.10099e-07 1.10099e-07 1.10099e-07 1.10099e-07 1.10099e-07 4.57684e-08 4.57684e-08 4.57684e-08 4.57684e-08 2.80004e-08 2.80004e-08 2.80004e-08 2.80004e-08 5.50265e-09
1.10099e-07 9.10049e-08 7.89078e-08 5.16749e-08 2.29113e-08 2.29113e-08 4.33778e-08 1.10099e-07 1.10099e-07 1.10099e-07 1.10099e-07 1.10099e-07 1.10099e-07 1.10099e-07 1.10099e-07 1.10099e-07 1.10099e-07 4.57684e-08 4.57684e-08 4.57684e-08 4.57684e-08 2.80004e-08 2.80004e-08 2.80004e-08 2.80004e-08 5.50265e-09
3.34426e-08 4.36678e-09 1.0507e-08 1.75351e-08 1.95265e-08 1.95265e-08 3.15051e-08 3.34426e-08 3.34426e-08 3.34426e-08 3.34426e-08 3.34426e-08 3.34426e-08 3.34426e-08 3.34426e-08 3.34426e-08 3.34426e-08 8.82518e-08 8.82518e-08 8.82518e-08 8.82518e-08 2.8311e-08 2.8311e-08 2.8311e-08 2.8311e-08 7.05418e-09
3.34426e-08 4.13553e-08 5.85895e-08 8.36344e-08 5.85285e-08 5.85285e-08 3.15051e-08 3.34426e-08 3.34426e-08 3.34426e-08 3.34426e-08 3.34426e-08 3.34426e-08 3.34426e-08 3.34426e-08 3.34426e-08 3.34426e-08 8.82518e-08 8.82518e-08 8.82518e-08 8.82518e-08 2.8311e-08 2.8311e-08 2.8311e-08 2.8311e-08 7.05418e-09
3.34426e-08 4.36678e-09 1.0507e-08 1.75351e-08 1.95265e-08 1.95265e-08 3.15051e-08 3.34426e-08 3.34426e-08 3.34426e-08 3.34426e-08 3.34426e-08 3.34426e-08 3.34426e-08 3.34426e-08 3.34426e-08 3.34426e-08 8.82518e-08 8.82518e-08 8.82518e-08 8.82518e-08 2.8311e-08 2.8311e-08 2.8311e-08 2.8311e-08 7.05418e-09
3.34426e-08 4.13553e-08 5.85895e-08 8.36344e-08 5.85285e-08 5.85285e-08 3.15051e-08 3.34426e-08 3.34426e-08 3.34426e-08 3.34426e-08 3.34426e-08 3.34426e-08 3.34426e-08 3.34426e-08 3.34426e-08 3.34426e-08 8.82518e-08 8.82518e-08 8.82518e-08 8.82518e-08 2.8311e-08 2.8311e-08 2.8311e-08 2.8311e-08 7.05418e-09
2.34582e-08 5.81978e-09 5.43645e-09 6.90498e-09 1.16062e-08 1.16062e-08 2.01418e-08 2.34582e-08 2.34582e-08 2.34582e-08 2.34582e-08 2.34582e-08 2.34582e-08 2.34582e-08 2.34582e-08 2.34582e-08 2.34582e-08 3.24624e-08 3.24624e-08 3.24624e-08 3.24624e-08 7.13295e-08 7.13295e-08 7.13295e-08 7.13295e-08 1.66429e-08
2.34582e-08 5.81978e-09 5.43645e-09 6.90498e-09 1.16062e-08 1.16062e-08 2.01418e-08 2.34582e-08 2.34582e-08 2.34582e-08 2.34582e-08 2.34582e-08 2.34582e-08 2.34582e-08 2.34582e-08 2.34582e-08 2.34582e-08 3.24624e-08 3.24624e-08 3.24624e-08 3.24624e-08 7.13295e-08 7.13295e-08 7.13295e-08 7.13295e-08 1.66429e-08
2.34582e-08 5.81978e-09 5.43645e-09 6.90498e-09 1.16062e-08 1.16062e-08 2.01418e-08 2.34582e-08 2.34582e-08 2.34582e-08 2.34582e-08 2.34582e-08 2.34582e-08 2.34582e-08 2.34582e-08 2.34582e-08 2.34582e-08 3.24624e-08 3.24624e-08 3.24624e-08 3.24624e-08 7.13295e-08 7.13295e-08 7.13295e-08 7.13295e-08 1.66429e-08
2.34582e-08 5.81978e-09 5.43645e-09 6.90498e-09 1.16062e-08 1.16062e-08 2.01418e-08 2.34582e-08 2.34582e-08 2.34582e-08 2.34582e-08 2.34582e-08 2.34582e-08 2.34582e-08 2.34582e-08 2.34582e-08 2.34582e-08 3.24624e-08 3.24624e-08 3.24624e-08 3.24624e-08 7.13295e-08 7.13295e-08 7.13295e-08 7.13295e-08 1.66429e-08
7.86778e-09 2.46958e-09 3.06206e-09 3.88025e-09 4.19769e-09 4.19769e-09 5.21772e-09 7.86778e-09 7.86778e-09 7.86778e-09 7.86778e-09 7.86778e-09 7.86778e-09 7.86778e-09 7.86778e-09 7.86778e-09 7.86778e-09 1.00865e-08 1.00865e-08 1.00865e-08 1.00865e-08 2.27803e-08 2.27803e-08 2.27803e-08 2.27803e-08 9.00627e-08
