1.10099e-05 9.10049e-06 7.89078e-06 5.16749e-06 2.29113e-06 2.29113e-06 4.33778e-06 1.10099e-05 1.10099e-05 1.10099e-05 1.10099e-05 1.10099e-05 1.10099e-05 1.10099e-05 1.10099e-05 1.10099e-05 1.10099e-05 4.57684e-06 4.57684e-06 4.57684e-06 4.57684e-06 2.80004e-06 2.80004e-06 2.80004e-06 2.80004e-06 5.50265e-07
9.10048e-06 1.43598e-05 5.78042e-06 1.55236e-06 3.48053e-07 3.48053e-07 7.37037e-07 1.9994e-06 9.10048e-06 1.9994e-06 9.10048e-06 9.10048e-06 1.9994e-06 9.10048e-06 9.10048e-06 1.9994e-06 9.10048e-06 9.54332e-07 2.67861e-06 9.54332e-07 2.67861e-06 8.32323e-07 8.32323e-07 8.32323e-07 8.32323e-07 2.46958e-07
7.89077e-06 5.7804e-06 2.62517e-05 1.01987e-05 6.2069e-07 6.2069e-07 7.88969e-07 1.59582e-06 7.89077e-06 1.59582e-06 7.89077e-06 7.89077e-06 1.59582e-06 7.89077e-06 7.89077e-06 1.59582e-06 7.89077e-06 1.05069e-06 5.85894e-06 1.05069e-06 5.85894e-06 7.77535e-07 7.77535e-07 7.77535e-07 7.77535e-07 3.06206e-07
5.16567e-06 1.5043e-06 9.88853e-06 3.98411e-05 8.33637e-06 8.33637e-06 1.19559e-06 8.73432e-07 5.16567e-06 8.73432e-07 5.16567e-06 5.16567e-06 8.73432e-07 5.16567e-06 5.16567e-06 8.73432e-07 5.16567e-06 2.22963e-06 8.36147e-06 2.22963e-06 8.36147e-06 8.78076e-07 8.78076e-07 8.78076e-07 8.78076e-07 3.8761e-07
2.49835e-06 1.74032e-07 6.20691e-07 8.33665e-06 6.13293e-05 6.13293e-05 5.98327e-06 2.49835e-06 2.49835e-06 2.49835e-06 2.49835e-06 2.49835e-06 2.49835e-06 2.49835e-06 2.49835e-06 2.49835e-06 2.49835e-06 5.85286e-06 5.85286e-06 5.85286e-06 5.85286e-06 1.16073e-06 1.16073e-06 1.16073e-06 1.16073e-06 4.1977e-07
2.49835e-06 1.74032e-07 6.20691e-07 8.33665e-06 6.13293e-05 6.13293e-05 5.98327e-06 2.49835e-06 2.49835e-06 2.49835e-06 2.49835e-06 2.49835e-06 2.49835e-06 2.49835e-06 2.49835e-06 2.49835e-06 2.49835e-06 5.85286e-06 5.85286e-06 5.85286e-06 5.85286e-06 1.16073e-06 1.16073e-06 1.16073e-06 1.16073e-06 4.1977e-07
3.88777e-06 1.03262e-06 1.10535e-06 1.30795e-06 1.13222e-06 1.13222e-06 1.58478e-05 3.88777e-06 3.88777e-06 3.88777e-06 3.88777e-06 3.88777e-06 3.88777e-06 3.88777e-06 3.88777e-06 3.88777e-06 3.88777e-06 3.84516e-06 3.84516e-06 3.84516e-06 3.84516e-06 2.75632e-06 2.75632e-06 2.75632e-06 2.75632e-06 5.21893e-07
1.10099e-05 1.99941e-06 1.59582e-06 6.87269e-07 8.90111e-07 8.90111e-07 4.33778e-06 1.10099e-05 1.10099e-05 1.10099e-05 1.10099e-05 1.10099e-05 1.10099e-05 1.10099e-05 1.10099e-05 1.10099e-05 1.10099e-05 4.57684e-06 4.57684e-06 4.57684e-06 4.57684e-06 2.80004e-06 2.80004e-06 2.80004e-06 2.80004e-06 5.50265e-07
1.10099e-05 9.10049e-06 7.89078e-06 5.16749e-06 2.29113e-06 2.29113e-06 4.33778e-06 1.10099e-05 1.10099e-05 1.10099e-05 1.10099e-05 1.10099e-05 1.10099e-05 1.10099e-05 1.10099e-05 1.10099e-05 1.10099e-05 4.57684e-06 4.57684e-06 4.57684e-06 4.57684e-06 2.80004e-06 2.80004e-06 2.80004e-06 2.80004e-06 5.50265e-07
1.10099e-05 1.99941e-06 1.59582e-06 6.87269e-07 8.90111e-07 8.90111e-07 4.33778e-06 1.10099e-05 1.10099e-05 1.10099e-05 1.10099e-05 1.10099e-05 1.10099e-05 1.10099e-05 1.10099e-05 1.10099e-05 1.10099e-05 4.57684e-06 4.57684e-06 4.57684e-06 4.57684e-06 2.80004e-06 2.80004e-06 2.80004e-06 2.80004e-06 5.50265e-07
1.10099e-05 9.10049e-06 7.89078e-06 5.16749e-06 2.29113e-06 2.29113e-06 4.33778e-06 1.10099e-05 1.10099e-05 1.10099e-05 1.10099e-05 1.10099e-05 1.10099e-05 1.10099e-05 1.10099e-05 1.10099e-05 1.10099e-05 4.57684e-06 4.57684e-06 4.57684e-06 4.57684e-06 2.80004e-06 2.80004e-06 2.80004e-06 2.80004e-06 5.50265e-07
1.10099e-05 9.10049e-06 7.89078e-06 5.16749e-06 2.29113e-06 2.29113e-06 4.33778e-06 1.10099e-05 1.10099e-05 1.10099e-05 1.10099e-05 1.10099e-05 1.10099e-05 1.10099e-05 1.10099e-05 1.10099e-05 1.10099e-05 4.57684e-06 4.57684e-06 4.57684e-06 4.57684e-06 2.80004e-06 2.80004e-06 2.80004e-06 2.80004e-06 5.50265e-07
1.10099e-05 1.99941e-06 1.59582e-06 6.87269e-07 8.90111e-07 8.90111e-07 4.33778e-06 1.10099e-05 1.10099e-05 1.10099e-05 1.10099e-05 1.10099e-05 1.10099e-05 1.10099e-05 1.10099e-05 1.10099e-05 1.10099e-05 4.57684e-06 4.57684e-06 4.57684e-06 4.57684e-06 2.80004e-06 2.80004e-06 2.80004e-06 2.80004e-06 5.50265e-07
1.10099e-05 9.10049e-06 7.89078e-06 5.16749e-06 2.29113e-06 2.29113e-06 4.33778e-06 1.10099e-05 1.10099e-05 1.10099e-05 1.10099e-05 1.10099e-05 1.10099e-05 1.10099e-05 1.10099e-05 1.10099e-05 1.10099e-05 4.57684e-06 4.57684e-06 4.57684e-06 4.57684e-06 2.80004e-06 2.80004e-06 2.80004e-06 2.80004e-06 5.50265e-07
1.10099e-05 9.10049e-06 7.89078e-06 5.16749e-06 2.29113e-06 2.29113e-06 4.33778e-06 1.10099e-05 1.10099e-05 1.10099e-05 1.10099e-05 1.10099e-05 1.10099e-05 1.10099e-05 1.10099e-05 1.10099e-05 1.10099e-05 4.57684e-06 4.57684e-06 4.57684e-06 4.57684e-06 2.80004e-06 2.80004e-06 2.80004e-06 2.80004e-06 5.50265e-07
1.10099e-05 1.99941e-06 1.59582e-06 6.87269e-07 8.90111e-07 8.90111e-07 4.33778e-06 1.10099e-05 1.10099e-05 1.10099e-05 1.10099e-05 1.10099e-05 1.10099e-05 1.10099e-05 1.10099e-05 1.10099e-05 1.10099e-05 4.57684e-06 4.57684e-06 4.57684e-06 4.57684e-06 2.80004e-06 2.80004e-06 2.80004e-06 2.80004e-06 5.50265e-07
1.10099e-05 9.10049e-06 7.89078e-06 5.16749e-06 2.29113e-06 2.29113e-06 4.33778e-06 1.10099e-05 1.10099e-05 1.10099e-05 1.10099e-05 1.10099e-05 1.10099e-05 1.10099e-05 1.10099e-05 1.10099e-05 1.10099e-05 4.57684e-06 4.57684e-06 4.57684e-06 4.57684e-06 2.80004e-06 2.80004e-06 2.80004e-06 2.80004e-06 5.50265e-07
3.34426e-06 4.36678e-07 1.0507e-06 1.75351e-06 1.95265e-06 1.95265e-06 3.15051e-06 3.34426e-06 3.34426e-06 3.34426e-06 3.34426e-06 3.34426e-06 3.34426e-06 3.34426e-06 3.34426e-06 3.34426e-06 3.34426e-06 8.82518e-06 8.82518e-06 8.82518e-06 8.82518e-06 2.8311e-06 2.8311e-06 2.8311e-06 2.8311e-06 7.05418e-07
3.34426e-06 4.13553e-06 5.85895e-06 8.36344e-06 5.85285e-06 5.85285e-06 3.15051e-06 3.34426e-06 3.34426e-06 3.34426e-06 3.34426e-06 3.34426e-06 3.34426e-06 3.34426e-06 3.34426e-06 3.34426e-06 3.34426e-06 8.82518e-06 8.82518e-06 8.82518e-06 8.82518e-06 2.8311e-06 2.8311e-06 2.8311e-06 2.8311e-06 7.05418e-07
3.34426e-06 4.36678e-07 1.0507e-06 1.75351e-06 1.95265e-06 1.95265e-06 3.15051e-06 3.34426e-06 3.34426e-06 3.34426e-06 3.34426e-06 3.34426e-06 3.34426e-06 3.34426e-06 3.34426e-06 3.34426e-06 3.34426e-06 8.82518e-06 8.82518e-06 8.82518e-06 8.82518e-06 2.8311e-06 2.8311e-06 2.8311e-06 2.8311e-06 7.05418e-07
3.34426e-06 4.13553e-06 5.85895e-06 8.36344e-06 5.85285e-06 5.85285e-06 3.15051e-06 3.34426e-06 3.34426e-06 3.34426e-06 3.34426e-06 3.34426e-06 3.34426e-06 3.34426e-06 3.34426e-06 3.34426e-06 3.34426e-06 8.82518e-06 8.82518e-06 8.82518e-06 8.82518e-06 2.8311e-06 2.8311e-06 2.8311e-06 2.8311e-06 7.05418e-07
2.34582e-06 5.81978e-07 5.43645e-07 6.90498e-07 1.16062e-06 1.16062e-06 2.01418e-06 2.34582e-06 2.34582e-06 2.34582e-06 2.34582e-06 2.34582e-06 2.34582e-06 2.34582e-06 2.34582e-06 2.34582e-06 2.34582e-06 3.24624e-06 3.24624e-06 3.24624e-06 3.24624e-06 7.13295e-06 7.13295e-06 7.13295e-06 7.13295e-06 1.66429e-06
2.34582e-06 5.81978e-07 5.43645e-07 6.90498e-07 1.16062e-06 1.16062e-06 2.01418e-06 2.34582e-06 2.34582e-06 2.34582e-06 2.34582e-06 2.34582e-06 2.34582e-06 2.34582e-06 2.34582e-06 2.34582e-06 2.34582e-06 3.24624e-06 3.24624e-06 3.24624e-06 3.24624e-06 7.13295e-06 7.13295e-06 7.13295e-06 7.13295e-06 1.66429e-06
2.34582e-06 5.81978e-07 5.43645e-07 6.90498e-07 1.16062e-06 1.16062e-06 2.01418e-06 2.34582e-06 2.34582e-06 2.34582e-06 2.34582e-06 2.34582e-06 2.34582e-06 2.34582e-06 2.34582e-06 2.34582e-06 2.34582e-06 3.24624e-06 3.24624e-06 3.24624e-06 3.24624e-06 7.13295e-06 7.13295e-06 7.13295e-06 7.13295e-06 1.66429e-06
2.34582e-06 5.81978e-07 5.43645e-07 6.90498e-07 1.16062e-06 1.16062e-06 2.01418e-06 2.34582e-06 2.34582e-06 2.34582e-06 2.34582e-06 2.34582e-06 2.34582e-06 2.34582e-06 2.34582e-06 2.34582e-06 2.34582e-06 3.24624e-06 3.24624e-06 3.24624e-06 3.24624e-06 7.13295e-06 7.13295e-06 7.13295e-06 7.13295e-06 1.66429e-06
7.86778e-07 2.46958e-07 3.06206e-07 3.88025e-07 4.19769e-07 4.19769e-07 5.21772e-07 7.86778e-07 7.86778e-07 7.86778e-07 7.86778e-07 7.86778e-07 7.86778e-07 7.86778e-07 7.86778e-07 7.86778e-07 7.86778e-07 1.00865e-06 1.00865e-06 1.00865e-06 1.00865e-06 2.27803e-06 2.27803e-06 2.27803e-06 2.27803e-06 9.00627e-06
