1.65e-06 1.37e-06 1.18e-06 7.75e-07 3.44e-07 3.44e-07 6.51e-07 1.65e-06 1.65e-06 1.65e-06 1.65e-06 1.65e-06 1.65e-06 1.65e-06 1.65e-06 1.65e-06 1.65e-06 6.87e-07 6.87e-07 6.87e-07 6.87e-07 4.2e-07 4.2e-07 4.2e-07 4.2e-07 8.25e-08
1.37e-06 2.15e-06 8.67e-07 2.33e-07 5.22e-08 5.22e-08 1.11e-07 3e-07 1.37e-06 3e-07 1.37e-06 1.37e-06 3e-07 1.37e-06 1.37e-06 3e-07 1.37e-06 1.43e-07 4.02e-07 1.43e-07 4.02e-07 1.25e-07 1.25e-07 1.25e-07 1.25e-07 3.7e-08
1.18e-06 8.67e-07 3.94e-06 1.53e-06 9.31e-08 9.31e-08 1.18e-07 2.39e-07 1.18e-06 2.39e-07 1.18e-06 1.18e-06 2.39e-07 1.18e-06 1.18e-06 2.39e-07 1.18e-06 1.58e-07 8.79e-07 1.58e-07 8.79e-07 1.17e-07 1.17e-07 1.17e-07 1.17e-07 4.59e-08
7.75e-07 2.26e-07 1.48e-06 5.98e-06 1.25e-06 1.25e-06 1.79e-07 1.31e-07 7.75e-07 1.31e-07 7.75e-07 7.75e-07 1.31e-07 7.75e-07 7.75e-07 1.31e-07 7.75e-07 3.34e-07 1.25e-06 3.34e-07 1.25e-06 1.32e-07 1.32e-07 1.32e-07 1.32e-07 5.81e-08
3.75e-07 2.61e-08 9.31e-08 1.25e-06 9.2e-06 9.2e-06 8.97e-07 3.75e-07 3.75e-07 3.75e-07 3.75e-07 3.75e-07 3.75e-07 3.75e-07 3.75e-07 3.75e-07 3.75e-07 8.78e-07 8.78e-07 8.78e-07 8.78e-07 1.74e-07 1.74e-07 1.74e-07 1.74e-07 6.3e-08
3.75e-07 2.61e-08 9.31e-08 1.25e-06 9.2e-06 9.2e-06 8.97e-07 3.75e-07 3.75e-07 3.75e-07 3.75e-07 3.75e-07 3.75e-07 3.75e-07 3.75e-07 3.75e-07 3.75e-07 8.78e-07 8.78e-07 8.78e-07 8.78e-07 1.74e-07 1.74e-07 1.74e-07 1.74e-07 6.3e-08
5.83e-07 1.55e-07 1.66e-07 1.96e-07 1.7e-07 1.7e-07 2.38e-06 5.83e-07 5.83e-07 5.83e-07 5.83e-07 5.83e-07 5.83e-07 5.83e-07 5.83e-07 5.83e-07 5.83e-07 5.77e-07 5.77e-07 5.77e-07 5.77e-07 4.13e-07 4.13e-07 4.13e-07 4.13e-07 7.83e-08
1.65e-06 3e-07 2.39e-07 1.03e-07 1.34e-07 1.34e-07 6.51e-07 1.65e-06 1.65e-06 1.65e-06 1.65e-06 1.65e-06 1.65e-06 1.65e-06 1.65e-06 1.65e-06 1.65e-06 6.87e-07 6.87e-07 6.87e-07 6.87e-07 4.2e-07 4.2e-07 4.2e-07 4.2e-07 8.25e-08
1.65e-06 1.37e-06 1.18e-06 7.75e-07 3.44e-07 3.44e-07 6.51e-07 1.65e-06 1.65e-06 1.65e-06 1.65e-06 1.65e-06 1.65e-06 1.65e-06 1.65e-06 1.65e-06 1.65e-06 6.87e-07 6.87e-07 6.87e-07 6.87e-07 4.2e-07 4.2e-07 4.2e-07 4.2e-07 8.25e-08
1.65e-06 3e-07 2.39e-07 1.03e-07 1.34e-07 1.34e-07 6.51e-07 1.65e-06 1.65e-06 1.65e-06 1.65e-06 1.65e-06 1.65e-06 1.65e-06 1.65e-06 1.65e-06 1.65e-06 6.87e-07 6.87e-07 6.87e-07 6.87e-07 4.2e-07 4.2e-07 4.2e-07 4.2e-07 8.25e-08
1.65e-06 1.37e-06 1.18e-06 7.75e-07 3.44e-07 3.44e-07 6.51e-07 1.65e-06 1.65e-06 1.65e-06 1.65e-06 1.65e-06 1.65e-06 1.65e-06 1.65e-06 1.65e-06 1.65e-06 6.87e-07 6.87e-07 6.87e-07 6.87e-07 4.2e-07 4.2e-07 4.2e-07 4.2e-07 8.25e-08
1.65e-06 1.37e-06 1.18e-06 7.75e-07 3.44e-07 3.44e-07 6.51e-07 1.65e-06 1.65e-06 1.65e-06 1.65e-06 1.65e-06 1.65e-06 1.65e-06 1.65e-06 1.65e-06 1.65e-06 6.87e-07 6.87e-07 6.87e-07 6.87e-07 4.2e-07 4.2e-07 4.2e-07 4.2e-07 8.25e-08
1.65e-06 3e-07 2.39e-07 1.03e-07 1.34e-07 1.34e-07 6.51e-07 1.65e-06 1.65e-06 1.65e-06 1.65e-06 1.65e-06 1.65e-06 1.65e-06 1.65e-06 1.65e-06 1.65e-06 6.87e-07 6.87e-07 6.87e-07 6.87e-07 4.2e-07 4.2e-07 4.2e-07 4.2e-07 8.25e-08
1.65e-06 1.37e-06 1.18e-06 7.75e-07 3.44e-07 3.44e-07 6.51e-07 1.65e-06 1.65e-06 1.65e-06 1.65e-06 1.65e-06 1.65e-06 1.65e-06 1.65e-06 1.65e-06 1.65e-06 6.87e-07 6.87e-07 6.87e-07 6.87e-07 4.2e-07 4.2e-07 4.2e-07 4.2e-07 8.25e-08
1.65e-06 1.37e-06 1.18e-06 7.75e-07 3.44e-07 3.44e-07 6.51e-07 1.65e-06 1.65e-06 1.65e-06 1.65e-06 1.65e-06 1.65e-06 1.65e-06 1.65e-06 1.65e-06 1.65e-06 6.87e-07 6.87e-07 6.87e-07 6.87e-07 4.2e-07 4.2e-07 4.2e-07 4.2e-07 8.25e-08
1.65e-06 3e-07 2.39e-07 1.03e-07 1.34e-07 1.34e-07 6.51e-07 1.65e-06 1.65e-06 1.65e-06 1.65e-06 1.65e-06 1.65e-06 1.65e-06 1.65e-06 1.65e-06 1.65e-06 6.87e-07 6.87e-07 6.87e-07 6.87e-07 4.2e-07 4.2e-07 4.2e-07 4.2e-07 8.25e-08
1.65e-06 1.37e-06 1.18e-06 7.75e-07 3.44e-07 3.44e-07 6.51e-07 1.65e-06 1.65e-06 1.65e-06 1.65e-06 1.65e-06 1.65e-06 1.65e-06 1.65e-06 1.65e-06 1.65e-06 6.87e-07 6.87e-07 6.87e-07 6.87e-07 4.2e-07 4.2e-07 4.2e-07 4.2e-07 8.25e-08
5.02e-07 6.55e-08 1.58e-07 2.63e-07 2.93e-07 2.93e-07 4.73e-07 5.02e-07 5.02e-07 5.02e-07 5.02e-07 5.02e-07 5.02e-07 5.02e-07 5.02e-07 5.02e-07 5.02e-07 1.32e-06 1.32e-06 1.32e-06 1.32e-06 4.25e-07 4.25e-07 4.25e-07 4.25e-07 1.06e-07
5.02e-07 6.2e-07 8.79e-07 1.25e-06 8.78e-07 8.78e-07 4.73e-07 5.02e-07 5.02e-07 5.02e-07 5.02e-07 5.02e-07 5.02e-07 5.02e-07 5.02e-07 5.02e-07 5.02e-07 1.32e-06 1.32e-06 1.32e-06 1.32e-06 4.25e-07 4.25e-07 4.25e-07 4.25e-07 1.06e-07
5.02e-07 6.55e-08 1.58e-07 2.63e-07 2.93e-07 2.93e-07 4.73e-07 5.02e-07 5.02e-07 5.02e-07 5.02e-07 5.02e-07 5.02e-07 5.02e-07 5.02e-07 5.02e-07 5.02e-07 1.32e-06 1.32e-06 1.32e-06 1.32e-06 4.25e-07 4.25e-07 4.25e-07 4.25e-07 1.06e-07
5.02e-07 6.2e-07 8.79e-07 1.25e-06 8.78e-07 8.78e-07 4.73e-07 5.02e-07 5.02e-07 5.02e-07 5.02e-07 5.02e-07 5.02e-07 5.02e-07 5.02e-07 5.02e-07 5.02e-07 1.32e-06 1.32e-06 1.32e-06 1.32e-06 4.25e-07 4.25e-07 4.25e-07 4.25e-07 1.06e-07
3.52e-07 8.73e-08 8.15e-08 1.04e-07 1.74e-07 1.74e-07 3.02e-07 3.52e-07 3.52e-07 3.52e-07 3.52e-07 3.52e-07 3.52e-07 3.52e-07 3.52e-07 3.52e-07 3.52e-07 4.87e-07 4.87e-07 4.87e-07 4.87e-07 1.07e-06 1.07e-06 1.07e-06 1.07e-06 2.5e-07
3.52e-07 8.73e-08 8.15e-08 1.04e-07 1.74e-07 1.74e-07 3.02e-07 3.52e-07 3.52e-07 3.52e-07 3.52e-07 3.52e-07 3.52e-07 3.52e-07 3.52e-07 3.52e-07 3.52e-07 4.87e-07 4.87e-07 4.87e-07 4.87e-07 1.07e-06 1.07e-06 1.07e-06 1.07e-06 2.5e-07
3.52e-07 8.73e-08 8.15e-08 1.04e-07 1.74e-07 1.74e-07 3.02e-07 3.52e-07 3.52e-07 3.52e-07 3.52e-07 3.52e-07 3.52e-07 3.52e-07 3.52e-07 3.52e-07 3.52e-07 4.87e-07 4.87e-07 4.87e-07 4.87e-07 1.07e-06 1.07e-06 1.07e-06 1.07e-06 2.5e-07
3.52e-07 8.73e-08 8.15e-08 1.04e-07 1.74e-07 1.74e-07 3.02e-07 3.52e-07 3.52e-07 3.52e-07 3.52e-07 3.52e-07 3.52e-07 3.52e-07 3.52e-07 3.52e-07 3.52e-07 4.87e-07 4.87e-07 4.87e-07 4.87e-07 1.07e-06 1.07e-06 1.07e-06 1.07e-06 2.5e-07
1.18e-07 3.7e-08 4.59e-08 5.82e-08 6.3e-08 6.3e-08 7.83e-08 1.18e-07 1.18e-07 1.18e-07 1.18e-07 1.18e-07 1.18e-07 1.18e-07 1.18e-07 1.18e-07 1.18e-07 1.51e-07 1.51e-07 1.51e-07 1.51e-07 3.42e-07 3.42e-07 3.42e-07 3.42e-07 1.35e-06
