0 0 0 0 0 0 0 0 0 0 0 0 0 0 0 0 0 0 0 0 0 0 0 0 0 0
0 0 0 0 0 0 0 0 0 0 0 0 0 0 0 0 0 0 0 0 0 0 0 0 0 0
0 0 0 0 0 0 0 0 0 0 0 0 0 0 0 0 0 0 0 0 0 0 0 0 0 0
0 0 0 0 0 0 0 0 0 0 0 0 0 0 0 0 0 0 0 0 0 0 0 0 0 0
0 0 0 0 0 1.85227e-05 0 0 0 0 0 0 0 0 0 0 0 0 0 0 0 0 0 0 0 0
0 0 0 0 0 0 0 0 0 0 0 0 0 0 0 0 0 0 0 0 0 0 0 0 0 0
0 0 0 0 0 0 0 0 0 0 0 0 0 0 0 0 0 0 0 0 0 0 0 0 0 0
3.91569e-06 0 0 0 0 0 0 0 0 3.91569e-06 3.91569e-06 0 0 0 3.91569e-06 3.91569e-06 3.91569e-06 0 0 2.14092e-06 2.14092e-06 0 0 5.63581e-08 5.63581e-08 0
3.91569e-06 0 0 0 0 0 0 0 0 3.91569e-06 3.91569e-06 0 0 0 3.91569e-06 3.91569e-06 3.91569e-06 0 0 2.14092e-06 2.14092e-06 0 0 5.63581e-08 5.63581e-08 0
0 0 0 0 0 0 0 0 0 0 0 0 0 0 0 0 0 0 0 0 0 0 0 0 0 0
0 0 0 0 0 0 0 0 0 0 0 0 0 0 0 0 0 0 0 0 0 0 0 0 0 0
3.91569e-06 0 0 0 0 0 0 0 0 3.91569e-06 3.91569e-06 0 0 0 3.91569e-06 3.91569e-06 3.91569e-06 0 0 2.14092e-06 2.14092e-06 0 0 5.63581e-08 5.63581e-08 0
3.91569e-06 0 0 0 0 0 0 0 0 3.91569e-06 3.91569e-06 0 0 0 3.91569e-06 3.91569e-06 3.91569e-06 0 0 2.14092e-06 2.14092e-06 0 0 5.63581e-08 5.63581e-08 0
3.91569e-06 0 0 0 0 0 0 0 0 3.91569e-06 3.91569e-06 0 0 0 3.91569e-06 3.91569e-06 3.91569e-06 0 0 2.14092e-06 2.14092e-06 0 0 5.63581e-08 5.63581e-08 0
0 0 0 0 0 0 0 0 0 0 0 0 0 0 0 0 0 0 0 0 0 0 0 0 0 0
0 0 0 0 0 0 0 0 0 0 0 0 0 0 0 0 0 0 0 0 0 0 0 0 0 0
0 0 0 0 0 0 0 0 0 0 0 0 0 0 0 0 0 0 0 0 0 0 0 0 0 0
2.14092e-06 0 0 0 0 0 0 0 0 2.14092e-06 2.14092e-06 0 0 0 2.14092e-06 2.14092e-06 2.14092e-06 0 0 3.13867e-06 3.13867e-06 0 0 5.69871e-08 5.69871e-08 0
2.14092e-06 0 0 0 0 0 0 0 0 2.14092e-06 2.14092e-06 0 0 0 2.14092e-06 2.14092e-06 2.14092e-06 0 0 3.13867e-06 3.13867e-06 0 0 5.69871e-08 5.69871e-08 0
0 0 0 0 0 0 0 0 0 0 0 0 0 0 0 0 0 0 0 0 0 0 0 0 0 0
0 0 0 0 0 0 0 0 0 0 0 0 0 0 0 0 0 0 0 0 0 0 0 0 0 0
5.63581e-08 0 0 0 0 0 0 0 0 5.63581e-08 5.63581e-08 0 0 0 5.63581e-08 5.63581e-08 5.63581e-08 0 0 5.69871e-08 5.69871e-08 0 0 8.46864e-08 8.46864e-08 0
5.63581e-08 0 0 0 0 0 0 0 0 5.63581e-08 5.63581e-08 0 0 0 5.63581e-08 5.63581e-08 5.63581e-08 0 0 5.69871e-08 5.69871e-08 0 0 8.46864e-08 8.46864e-08 0
0 0 0 0 0 0 0 0 0 0 0 0 0 0 0 0 0 0 0 0 0 0 0 0 0 0
0 0 0 0 0 0 0 0 0 0 0 0 0 0 0 0 0 0 0 0 0 0 0 0 0 0
0 0 0 0 0 0 0 0 0 0 0 0 0 0 0 0 0 0 0 0 0 0 0 0 0 0
