0 0 0 0 0 0 0 0 0 0 0 0 0 0 0 0 0 0 0 0 0 0 0 0 0 0
0 0 0 0 0 0 0 0 0 0 0 0 0 0 0 0 0 0 0 0 0 0 0 0 0 0
0 0 0 0 0 0 0 0 0 0 0 0 0 0 0 0 0 0 0 0 0 0 0 0 0 0
0 0 0 0 0 0 0 0 0 0 0 0 0 0 0 0 0 0 0 0 0 0 0 0 0 0
0 0 0 0 0 1.3892e-05 0 0 0 0 0 0 0 0 0 0 0 0 0 0 0 0 0 0 0 0
0 0 0 0 0 0 0 0 0 0 0 0 0 0 0 0 0 0 0 0 0 0 0 0 0 0
0 0 0 0 0 0 0 0 0 0 0 0 0 0 0 0 0 0 0 0 0 0 0 0 0 0
2.93676e-06 0 0 0 0 0 0 0 0 2.93676e-06 2.93676e-06 0 0 0 2.93676e-06 2.93676e-06 2.93676e-06 0 0 1.60569e-06 1.60569e-06 0 0 4.22686e-08 4.22686e-08 0
2.93676e-06 0 0 0 0 0 0 0 0 2.93676e-06 2.93676e-06 0 0 0 2.93676e-06 2.93676e-06 2.93676e-06 0 0 1.60569e-06 1.60569e-06 0 0 4.22686e-08 4.22686e-08 0
0 0 0 0 0 0 0 0 0 0 0 0 0 0 0 0 0 0 0 0 0 0 0 0 0 0
0 0 0 0 0 0 0 0 0 0 0 0 0 0 0 0 0 0 0 0 0 0 0 0 0 0
2.93676e-06 0 0 0 0 0 0 0 0 2.93676e-06 2.93676e-06 0 0 0 2.93676e-06 2.93676e-06 2.93676e-06 0 0 1.60569e-06 1.60569e-06 0 0 4.22686e-08 4.22686e-08 0
2.93676e-06 0 0 0 0 0 0 0 0 2.93676e-06 2.93676e-06 0 0 0 2.93676e-06 2.93676e-06 2.93676e-06 0 0 1.60569e-06 1.60569e-06 0 0 4.22686e-08 4.22686e-08 0
2.93676e-06 0 0 0 0 0 0 0 0 2.93676e-06 2.93676e-06 0 0 0 2.93676e-06 2.93676e-06 2.93676e-06 0 0 1.60569e-06 1.60569e-06 0 0 4.22686e-08 4.22686e-08 0
0 0 0 0 0 0 0 0 0 0 0 0 0 0 0 0 0 0 0 0 0 0 0 0 0 0
0 0 0 0 0 0 0 0 0 0 0 0 0 0 0 0 0 0 0 0 0 0 0 0 0 0
0 0 0 0 0 0 0 0 0 0 0 0 0 0 0 0 0 0 0 0 0 0 0 0 0 0
1.60569e-06 0 0 0 0 0 0 0 0 1.60569e-06 1.60569e-06 0 0 0 1.60569e-06 1.60569e-06 1.60569e-06 0 0 2.35401e-06 2.35401e-06 0 0 4.27403e-08 4.27403e-08 0
1.60569e-06 0 0 0 0 0 0 0 0 1.60569e-06 1.60569e-06 0 0 0 1.60569e-06 1.60569e-06 1.60569e-06 0 0 2.35401e-06 2.35401e-06 0 0 4.27403e-08 4.27403e-08 0
0 0 0 0 0 0 0 0 0 0 0 0 0 0 0 0 0 0 0 0 0 0 0 0 0 0
0 0 0 0 0 0 0 0 0 0 0 0 0 0 0 0 0 0 0 0 0 0 0 0 0 0
4.22686e-08 0 0 0 0 0 0 0 0 4.22686e-08 4.22686e-08 0 0 0 4.22686e-08 4.22686e-08 4.22686e-08 0 0 4.27403e-08 4.27403e-08 0 0 6.35148e-08 6.35148e-08 0
4.22686e-08 0 0 0 0 0 0 0 0 4.22686e-08 4.22686e-08 0 0 0 4.22686e-08 4.22686e-08 4.22686e-08 0 0 4.27403e-08 4.27403e-08 0 0 6.35148e-08 6.35148e-08 0
0 0 0 0 0 0 0 0 0 0 0 0 0 0 0 0 0 0 0 0 0 0 0 0 0 0
0 0 0 0 0 0 0 0 0 0 0 0 0 0 0 0 0 0 0 0 0 0 0 0 0 0
0 0 0 0 0 0 0 0 0 0 0 0 0 0 0 0 0 0 0 0 0 0 0 0 0 0
