0 0 0 0 0 0 0 0 0 0 0 0 0 0 0 0 0 0 0 0 0 0 0 0 0 0
0 0 0 0 0 0 0 0 0 0 0 0 0 0 0 0 0 0 0 0 0 0 0 0 0 0
0 0 0 0 0 0 0 0 0 0 0 0 0 0 0 0 0 0 0 0 0 0 0 0 0 0
0 0 0 0 0 0 0 0 0 0 0 0 0 0 0 0 0 0 0 0 0 0 0 0 0 0
0 0 0 0 0 1.15767e-06 0 0 0 0 0 0 0 0 0 0 0 0 0 0 0 0 0 0 0 0
0 0 0 0 0 0 0 0 0 0 0 0 0 0 0 0 0 0 0 0 0 0 0 0 0 0
0 0 0 0 0 0 0 0 0 0 0 0 0 0 0 0 0 0 0 0 0 0 0 0 0 0
2.4473e-07 0 0 0 0 0 0 0 0 2.4473e-07 2.4473e-07 0 0 0 2.4473e-07 2.4473e-07 2.4473e-07 0 0 1.33807e-07 1.33807e-07 0 0 3.52238e-09 3.52238e-09 0
2.4473e-07 0 0 0 0 0 0 0 0 2.4473e-07 2.4473e-07 0 0 0 2.4473e-07 2.4473e-07 2.4473e-07 0 0 1.33807e-07 1.33807e-07 0 0 3.52238e-09 3.52238e-09 0
0 0 0 0 0 0 0 0 0 0 0 0 0 0 0 0 0 0 0 0 0 0 0 0 0 0
0 0 0 0 0 0 0 0 0 0 0 0 0 0 0 0 0 0 0 0 0 0 0 0 0 0
2.4473e-07 0 0 0 0 0 0 0 0 2.4473e-07 2.4473e-07 0 0 0 2.4473e-07 2.4473e-07 2.4473e-07 0 0 1.33807e-07 1.33807e-07 0 0 3.52238e-09 3.52238e-09 0
2.4473e-07 0 0 0 0 0 0 0 0 2.4473e-07 2.4473e-07 0 0 0 2.4473e-07 2.4473e-07 2.4473e-07 0 0 1.33807e-07 1.33807e-07 0 0 3.52238e-09 3.52238e-09 0
2.4473e-07 0 0 0 0 0 0 0 0 2.4473e-07 2.4473e-07 0 0 0 2.4473e-07 2.4473e-07 2.4473e-07 0 0 1.33807e-07 1.33807e-07 0 0 3.52238e-09 3.52238e-09 0
0 0 0 0 0 0 0 0 0 0 0 0 0 0 0 0 0 0 0 0 0 0 0 0 0 0
0 0 0 0 0 0 0 0 0 0 0 0 0 0 0 0 0 0 0 0 0 0 0 0 0 0
0 0 0 0 0 0 0 0 0 0 0 0 0 0 0 0 0 0 0 0 0 0 0 0 0 0
1.33807e-07 0 0 0 0 0 0 0 0 1.33807e-07 1.33807e-07 0 0 0 1.33807e-07 1.33807e-07 1.33807e-07 0 0 1.96167e-07 1.96167e-07 0 0 3.5617e-09 3.5617e-09 0
1.33807e-07 0 0 0 0 0 0 0 0 1.33807e-07 1.33807e-07 0 0 0 1.33807e-07 1.33807e-07 1.33807e-07 0 0 1.96167e-07 1.96167e-07 0 0 3.5617e-09 3.5617e-09 0
0 0 0 0 0 0 0 0 0 0 0 0 0 0 0 0 0 0 0 0 0 0 0 0 0 0
0 0 0 0 0 0 0 0 0 0 0 0 0 0 0 0 0 0 0 0 0 0 0 0 0 0
3.52238e-09 0 0 0 0 0 0 0 0 3.52238e-09 3.52238e-09 0 0 0 3.52238e-09 3.52238e-09 3.52238e-09 0 0 3.5617e-09 3.5617e-09 0 0 5.2929e-09 5.2929e-09 0
3.52238e-09 0 0 0 0 0 0 0 0 3.52238e-09 3.52238e-09 0 0 0 3.52238e-09 3.52238e-09 3.52238e-09 0 0 3.5617e-09 3.5617e-09 0 0 5.2929e-09 5.2929e-09 0
0 0 0 0 0 0 0 0 0 0 0 0 0 0 0 0 0 0 0 0 0 0 0 0 0 0
0 0 0 0 0 0 0 0 0 0 0 0 0 0 0 0 0 0 0 0 0 0 0 0 0 0
0 0 0 0 0 0 0 0 0 0 0 0 0 0 0 0 0 0 0 0 0 0 0 0 0 0
