0 0 0 0 0 0 0 0 0 0 0 0 0 0 0 0 0 0 0 0 0 0 0 0 0 0
0 0 0 0 0 0 0 0 0 0 0 0 0 0 0 0 0 0 0 0 0 0 0 0 0 0
0 0 0 0 0 0 0 0 0 0 0 0 0 0 0 0 0 0 0 0 0 0 0 0 0 0
0 0 0 0 0 0 0 0 0 0 0 0 0 0 0 0 0 0 0 0 0 0 0 0 0 0
0 0 0 0 0 2.31533e-06 0 0 0 0 0 0 0 0 0 0 0 0 0 0 0 0 0 0 0 0
0 0 0 0 0 0 0 0 0 0 0 0 0 0 0 0 0 0 0 0 0 0 0 0 0 0
0 0 0 0 0 0 0 0 0 0 0 0 0 0 0 0 0 0 0 0 0 0 0 0 0 0
4.89461e-07 0 0 0 0 0 0 0 0 4.89461e-07 4.89461e-07 0 0 0 4.89461e-07 4.89461e-07 4.89461e-07 0 0 2.67615e-07 2.67615e-07 0 0 7.04476e-09 7.04476e-09 0
4.89461e-07 0 0 0 0 0 0 0 0 4.89461e-07 4.89461e-07 0 0 0 4.89461e-07 4.89461e-07 4.89461e-07 0 0 2.67615e-07 2.67615e-07 0 0 7.04476e-09 7.04476e-09 0
0 0 0 0 0 0 0 0 0 0 0 0 0 0 0 0 0 0 0 0 0 0 0 0 0 0
0 0 0 0 0 0 0 0 0 0 0 0 0 0 0 0 0 0 0 0 0 0 0 0 0 0
4.89461e-07 0 0 0 0 0 0 0 0 4.89461e-07 4.89461e-07 0 0 0 4.89461e-07 4.89461e-07 4.89461e-07 0 0 2.67615e-07 2.67615e-07 0 0 7.04476e-09 7.04476e-09 0
4.89461e-07 0 0 0 0 0 0 0 0 4.89461e-07 4.89461e-07 0 0 0 4.89461e-07 4.89461e-07 4.89461e-07 0 0 2.67615e-07 2.67615e-07 0 0 7.04476e-09 7.04476e-09 0
4.89461e-07 0 0 0 0 0 0 0 0 4.89461e-07 4.89461e-07 0 0 0 4.89461e-07 4.89461e-07 4.89461e-07 0 0 2.67615e-07 2.67615e-07 0 0 7.04476e-09 7.04476e-09 0
0 0 0 0 0 0 0 0 0 0 0 0 0 0 0 0 0 0 0 0 0 0 0 0 0 0
0 0 0 0 0 0 0 0 0 0 0 0 0 0 0 0 0 0 0 0 0 0 0 0 0 0
0 0 0 0 0 0 0 0 0 0 0 0 0 0 0 0 0 0 0 0 0 0 0 0 0 0
2.67615e-07 0 0 0 0 0 0 0 0 2.67615e-07 2.67615e-07 0 0 0 2.67615e-07 2.67615e-07 2.67615e-07 0 0 3.92334e-07 3.92334e-07 0 0 7.12339e-09 7.12339e-09 0
2.67615e-07 0 0 0 0 0 0 0 0 2.67615e-07 2.67615e-07 0 0 0 2.67615e-07 2.67615e-07 2.67615e-07 0 0 3.92334e-07 3.92334e-07 0 0 7.12339e-09 7.12339e-09 0
0 0 0 0 0 0 0 0 0 0 0 0 0 0 0 0 0 0 0 0 0 0 0 0 0 0
0 0 0 0 0 0 0 0 0 0 0 0 0 0 0 0 0 0 0 0 0 0 0 0 0 0
7.04476e-09 0 0 0 0 0 0 0 0 7.04476e-09 7.04476e-09 0 0 0 7.04476e-09 7.04476e-09 7.04476e-09 0 0 7.12339e-09 7.12339e-09 0 0 1.05858e-08 1.05858e-08 0
7.04476e-09 0 0 0 0 0 0 0 0 7.04476e-09 7.04476e-09 0 0 0 7.04476e-09 7.04476e-09 7.04476e-09 0 0 7.12339e-09 7.12339e-09 0 0 1.05858e-08 1.05858e-08 0
0 0 0 0 0 0 0 0 0 0 0 0 0 0 0 0 0 0 0 0 0 0 0 0 0 0
0 0 0 0 0 0 0 0 0 0 0 0 0 0 0 0 0 0 0 0 0 0 0 0 0 0
0 0 0 0 0 0 0 0 0 0 0 0 0 0 0 0 0 0 0 0 0 0 0 0 0 0
