0 0 0 0 0 0 0 0 0 0 0 0 0 0 0 0 0 0 0 0 0 0 0 0 0 0
0 0 0 0 0 0 0 0 0 0 0 0 0 0 0 0 0 0 0 0 0 0 0 0 0 0
0 0 0 0 0 0 0 0 0 0 0 0 0 0 0 0 0 0 0 0 0 0 0 0 0 0
0 0 0 0 0 0 0 0 0 0 0 0 0 0 0 0 0 0 0 0 0 0 0 0 0 0
0 0 0 0 0 9.26134e-07 0 0 0 0 0 0 0 0 0 0 0 0 0 0 0 0 0 0 0 0
0 0 0 0 0 0 0 0 0 0 0 0 0 0 0 0 0 0 0 0 0 0 0 0 0 0
0 0 0 0 0 0 0 0 0 0 0 0 0 0 0 0 0 0 0 0 0 0 0 0 0 0
1.95784e-07 0 0 0 0 0 0 0 0 1.95784e-07 1.95784e-07 0 0 0 1.95784e-07 1.95784e-07 1.95784e-07 0 0 1.07046e-07 1.07046e-07 0 0 2.8179e-09 2.8179e-09 0
1.95784e-07 0 0 0 0 0 0 0 0 1.95784e-07 1.95784e-07 0 0 0 1.95784e-07 1.95784e-07 1.95784e-07 0 0 1.07046e-07 1.07046e-07 0 0 2.8179e-09 2.8179e-09 0
0 0 0 0 0 0 0 0 0 0 0 0 0 0 0 0 0 0 0 0 0 0 0 0 0 0
0 0 0 0 0 0 0 0 0 0 0 0 0 0 0 0 0 0 0 0 0 0 0 0 0 0
1.95784e-07 0 0 0 0 0 0 0 0 1.95784e-07 1.95784e-07 0 0 0 1.95784e-07 1.95784e-07 1.95784e-07 0 0 1.07046e-07 1.07046e-07 0 0 2.8179e-09 2.8179e-09 0
1.95784e-07 0 0 0 0 0 0 0 0 1.95784e-07 1.95784e-07 0 0 0 1.95784e-07 1.95784e-07 1.95784e-07 0 0 1.07046e-07 1.07046e-07 0 0 2.8179e-09 2.8179e-09 0
1.95784e-07 0 0 0 0 0 0 0 0 1.95784e-07 1.95784e-07 0 0 0 1.95784e-07 1.95784e-07 1.95784e-07 0 0 1.07046e-07 1.07046e-07 0 0 2.8179e-09 2.8179e-09 0
0 0 0 0 0 0 0 0 0 0 0 0 0 0 0 0 0 0 0 0 0 0 0 0 0 0
0 0 0 0 0 0 0 0 0 0 0 0 0 0 0 0 0 0 0 0 0 0 0 0 0 0
0 0 0 0 0 0 0 0 0 0 0 0 0 0 0 0 0 0 0 0 0 0 0 0 0 0
1.07046e-07 0 0 0 0 0 0 0 0 1.07046e-07 1.07046e-07 0 0 0 1.07046e-07 1.07046e-07 1.07046e-07 0 0 1.56934e-07 1.56934e-07 0 0 2.84936e-09 2.84936e-09 0
1.07046e-07 0 0 0 0 0 0 0 0 1.07046e-07 1.07046e-07 0 0 0 1.07046e-07 1.07046e-07 1.07046e-07 0 0 1.56934e-07 1.56934e-07 0 0 2.84936e-09 2.84936e-09 0
0 0 0 0 0 0 0 0 0 0 0 0 0 0 0 0 0 0 0 0 0 0 0 0 0 0
0 0 0 0 0 0 0 0 0 0 0 0 0 0 0 0 0 0 0 0 0 0 0 0 0 0
2.8179e-09 0 0 0 0 0 0 0 0 2.8179e-09 2.8179e-09 0 0 0 2.8179e-09 2.8179e-09 2.8179e-09 0 0 2.84936e-09 2.84936e-09 0 0 4.23432e-09 4.23432e-09 0
2.8179e-09 0 0 0 0 0 0 0 0 2.8179e-09 2.8179e-09 0 0 0 2.8179e-09 2.8179e-09 2.8179e-09 0 0 2.84936e-09 2.84936e-09 0 0 4.23432e-09 4.23432e-09 0
0 0 0 0 0 0 0 0 0 0 0 0 0 0 0 0 0 0 0 0 0 0 0 0 0 0
0 0 0 0 0 0 0 0 0 0 0 0 0 0 0 0 0 0 0 0 0 0 0 0 0 0
0 0 0 0 0 0 0 0 0 0 0 0 0 0 0 0 0 0 0 0 0 0 0 0 0 0
