0 0 0 0 0 0 0 0 0 0 0 0 0 0 0 0 0 0 0 0 0 0 0 0 0 0
0 0 0 0 0 0 0 0 0 0 0 0 0 0 0 0 0 0 0 0 0 0 0 0 0 0
0 0 0 0 0 0 0 0 0 0 0 0 0 0 0 0 0 0 0 0 0 0 0 0 0 0
0 0 0 0 0 0 0 0 0 0 0 0 0 0 0 0 0 0 0 0 0 0 0 0 0 0
0 0 0 0 0 1.54356e-06 0 0 0 0 0 0 0 0 0 0 0 0 0 0 0 0 0 0 0 0
0 0 0 0 0 0 0 0 0 0 0 0 0 0 0 0 0 0 0 0 0 0 0 0 0 0
0 0 0 0 0 0 0 0 0 0 0 0 0 0 0 0 0 0 0 0 0 0 0 0 0 0
3.26307e-07 0 0 0 0 0 0 0 0 3.26307e-07 3.26307e-07 0 0 0 3.26307e-07 3.26307e-07 3.26307e-07 0 0 1.7841e-07 1.7841e-07 0 0 4.69651e-09 4.69651e-09 0
3.26307e-07 0 0 0 0 0 0 0 0 3.26307e-07 3.26307e-07 0 0 0 3.26307e-07 3.26307e-07 3.26307e-07 0 0 1.7841e-07 1.7841e-07 0 0 4.69651e-09 4.69651e-09 0
0 0 0 0 0 0 0 0 0 0 0 0 0 0 0 0 0 0 0 0 0 0 0 0 0 0
0 0 0 0 0 0 0 0 0 0 0 0 0 0 0 0 0 0 0 0 0 0 0 0 0 0
3.26307e-07 0 0 0 0 0 0 0 0 3.26307e-07 3.26307e-07 0 0 0 3.26307e-07 3.26307e-07 3.26307e-07 0 0 1.7841e-07 1.7841e-07 0 0 4.69651e-09 4.69651e-09 0
3.26307e-07 0 0 0 0 0 0 0 0 3.26307e-07 3.26307e-07 0 0 0 3.26307e-07 3.26307e-07 3.26307e-07 0 0 1.7841e-07 1.7841e-07 0 0 4.69651e-09 4.69651e-09 0
3.26307e-07 0 0 0 0 0 0 0 0 3.26307e-07 3.26307e-07 0 0 0 3.26307e-07 3.26307e-07 3.26307e-07 0 0 1.7841e-07 1.7841e-07 0 0 4.69651e-09 4.69651e-09 0
0 0 0 0 0 0 0 0 0 0 0 0 0 0 0 0 0 0 0 0 0 0 0 0 0 0
0 0 0 0 0 0 0 0 0 0 0 0 0 0 0 0 0 0 0 0 0 0 0 0 0 0
0 0 0 0 0 0 0 0 0 0 0 0 0 0 0 0 0 0 0 0 0 0 0 0 0 0
1.7841e-07 0 0 0 0 0 0 0 0 1.7841e-07 1.7841e-07 0 0 0 1.7841e-07 1.7841e-07 1.7841e-07 0 0 2.61556e-07 2.61556e-07 0 0 4.74893e-09 4.74893e-09 0
1.7841e-07 0 0 0 0 0 0 0 0 1.7841e-07 1.7841e-07 0 0 0 1.7841e-07 1.7841e-07 1.7841e-07 0 0 2.61556e-07 2.61556e-07 0 0 4.74893e-09 4.74893e-09 0
0 0 0 0 0 0 0 0 0 0 0 0 0 0 0 0 0 0 0 0 0 0 0 0 0 0
0 0 0 0 0 0 0 0 0 0 0 0 0 0 0 0 0 0 0 0 0 0 0 0 0 0
4.69651e-09 0 0 0 0 0 0 0 0 4.69651e-09 4.69651e-09 0 0 0 4.69651e-09 4.69651e-09 4.69651e-09 0 0 4.74893e-09 4.74893e-09 0 0 7.0572e-09 7.0572e-09 0
4.69651e-09 0 0 0 0 0 0 0 0 4.69651e-09 4.69651e-09 0 0 0 4.69651e-09 4.69651e-09 4.69651e-09 0 0 4.74893e-09 4.74893e-09 0 0 7.0572e-09 7.0572e-09 0
0 0 0 0 0 0 0 0 0 0 0 0 0 0 0 0 0 0 0 0 0 0 0 0 0 0
0 0 0 0 0 0 0 0 0 0 0 0 0 0 0 0 0 0 0 0 0 0 0 0 0 0
0 0 0 0 0 0 0 0 0 0 0 0 0 0 0 0 0 0 0 0 0 0 0 0 0 0
