0 0 0 0 0 0 0 0 0 0 0 0 0 0 0 0 0 0 0 0 0 0 0 0 0 0
0 0 0 0 0 0 0 0 0 0 0 0 0 0 0 0 0 0 0 0 0 0 0 0 0 0
0 0 0 0 0 0 0 0 0 0 0 0 0 0 0 0 0 0 0 0 0 0 0 0 0 0
0 0 0 0 0 0 0 0 0 0 0 0 0 0 0 0 0 0 0 0 0 0 0 0 0 0
0 0 0 0 0 6.95e-06 0 0 0 0 0 0 0 0 0 0 0 0 0 0 0 0 0 0 0 0
0 0 0 0 0 0 0 0 0 0 0 0 0 0 0 0 0 0 0 0 0 0 0 0 0 0
0 0 0 0 0 0 0 0 0 0 0 0 0 0 0 0 0 0 0 0 0 0 0 0 0 0
1.47e-06 0 0 0 0 0 0 0 0 1.47e-06 1.47e-06 0 0 0 1.47e-06 1.47e-06 1.47e-06 0 0 8.03e-07 8.03e-07 0 0 2.11e-08 2.11e-08 0
1.47e-06 0 0 0 0 0 0 0 0 1.47e-06 1.47e-06 0 0 0 1.47e-06 1.47e-06 1.47e-06 0 0 8.03e-07 8.03e-07 0 0 2.11e-08 2.11e-08 0
0 0 0 0 0 0 0 0 0 0 0 0 0 0 0 0 0 0 0 0 0 0 0 0 0 0
0 0 0 0 0 0 0 0 0 0 0 0 0 0 0 0 0 0 0 0 0 0 0 0 0 0
1.47e-06 0 0 0 0 0 0 0 0 1.47e-06 1.47e-06 0 0 0 1.47e-06 1.47e-06 1.47e-06 0 0 8.03e-07 8.03e-07 0 0 2.11e-08 2.11e-08 0
1.47e-06 0 0 0 0 0 0 0 0 1.47e-06 1.47e-06 0 0 0 1.47e-06 1.47e-06 1.47e-06 0 0 8.03e-07 8.03e-07 0 0 2.11e-08 2.11e-08 0
1.47e-06 0 0 0 0 0 0 0 0 1.47e-06 1.47e-06 0 0 0 1.47e-06 1.47e-06 1.47e-06 0 0 8.03e-07 8.03e-07 0 0 2.11e-08 2.11e-08 0
0 0 0 0 0 0 0 0 0 0 0 0 0 0 0 0 0 0 0 0 0 0 0 0 0 0
0 0 0 0 0 0 0 0 0 0 0 0 0 0 0 0 0 0 0 0 0 0 0 0 0 0
0 0 0 0 0 0 0 0 0 0 0 0 0 0 0 0 0 0 0 0 0 0 0 0 0 0
8.03e-07 0 0 0 0 0 0 0 0 8.03e-07 8.03e-07 0 0 0 8.03e-07 8.03e-07 8.03e-07 0 0 1.18e-06 1.18e-06 0 0 2.14e-08 2.14e-08 0
8.03e-07 0 0 0 0 0 0 0 0 8.03e-07 8.03e-07 0 0 0 8.03e-07 8.03e-07 8.03e-07 0 0 1.18e-06 1.18e-06 0 0 2.14e-08 2.14e-08 0
0 0 0 0 0 0 0 0 0 0 0 0 0 0 0 0 0 0 0 0 0 0 0 0 0 0
0 0 0 0 0 0 0 0 0 0 0 0 0 0 0 0 0 0 0 0 0 0 0 0 0 0
2.11e-08 0 0 0 0 0 0 0 0 2.11e-08 2.11e-08 0 0 0 2.11e-08 2.11e-08 2.11e-08 0 0 2.14e-08 2.14e-08 0 0 3.18e-08 3.18e-08 0
2.11e-08 0 0 0 0 0 0 0 0 2.11e-08 2.11e-08 0 0 0 2.11e-08 2.11e-08 2.11e-08 0 0 2.14e-08 2.14e-08 0 0 3.18e-08 3.18e-08 0
0 0 0 0 0 0 0 0 0 0 0 0 0 0 0 0 0 0 0 0 0 0 0 0 0 0
0 0 0 0 0 0 0 0 0 0 0 0 0 0 0 0 0 0 0 0 0 0 0 0 0 0
0 0 0 0 0 0 0 0 0 0 0 0 0 0 0 0 0 0 0 0 0 0 0 0 0 0
