0 0 0 0 0 0 0 0 0 0 0 0 0 0 0 0 0 0 0 0 0 0 0 0 0 0
0 0 0 0 0 0 0 0 0 0 0 0 0 0 0 0 0 0 0 0 0 0 0 0 0 0
0 0 0 0 0 0 0 0 0 0 0 0 0 0 0 0 0 0 0 0 0 0 0 0 0 0
0 0 0 0 0 0 0 0 0 0 0 0 0 0 0 0 0 0 0 0 0 0 0 0 0 0
0 0 0 0 0 9.26134e-06 0 0 0 0 0 0 0 0 0 0 0 0 0 0 0 0 0 0 0 0
0 0 0 0 0 0 0 0 0 0 0 0 0 0 0 0 0 0 0 0 0 0 0 0 0 0
0 0 0 0 0 0 0 0 0 0 0 0 0 0 0 0 0 0 0 0 0 0 0 0 0 0
1.95784e-06 0 0 0 0 0 0 0 0 1.95784e-06 1.95784e-06 0 0 0 1.95784e-06 1.95784e-06 1.95784e-06 0 0 1.07046e-06 1.07046e-06 0 0 2.8179e-08 2.8179e-08 0
1.95784e-06 0 0 0 0 0 0 0 0 1.95784e-06 1.95784e-06 0 0 0 1.95784e-06 1.95784e-06 1.95784e-06 0 0 1.07046e-06 1.07046e-06 0 0 2.8179e-08 2.8179e-08 0
0 0 0 0 0 0 0 0 0 0 0 0 0 0 0 0 0 0 0 0 0 0 0 0 0 0
0 0 0 0 0 0 0 0 0 0 0 0 0 0 0 0 0 0 0 0 0 0 0 0 0 0
1.95784e-06 0 0 0 0 0 0 0 0 1.95784e-06 1.95784e-06 0 0 0 1.95784e-06 1.95784e-06 1.95784e-06 0 0 1.07046e-06 1.07046e-06 0 0 2.8179e-08 2.8179e-08 0
1.95784e-06 0 0 0 0 0 0 0 0 1.95784e-06 1.95784e-06 0 0 0 1.95784e-06 1.95784e-06 1.95784e-06 0 0 1.07046e-06 1.07046e-06 0 0 2.8179e-08 2.8179e-08 0
1.95784e-06 0 0 0 0 0 0 0 0 1.95784e-06 1.95784e-06 0 0 0 1.95784e-06 1.95784e-06 1.95784e-06 0 0 1.07046e-06 1.07046e-06 0 0 2.8179e-08 2.8179e-08 0
0 0 0 0 0 0 0 0 0 0 0 0 0 0 0 0 0 0 0 0 0 0 0 0 0 0
0 0 0 0 0 0 0 0 0 0 0 0 0 0 0 0 0 0 0 0 0 0 0 0 0 0
0 0 0 0 0 0 0 0 0 0 0 0 0 0 0 0 0 0 0 0 0 0 0 0 0 0
1.07046e-06 0 0 0 0 0 0 0 0 1.07046e-06 1.07046e-06 0 0 0 1.07046e-06 1.07046e-06 1.07046e-06 0 0 1.56934e-06 1.56934e-06 0 0 2.84936e-08 2.84936e-08 0
1.07046e-06 0 0 0 0 0 0 0 0 1.07046e-06 1.07046e-06 0 0 0 1.07046e-06 1.07046e-06 1.07046e-06 0 0 1.56934e-06 1.56934e-06 0 0 2.84936e-08 2.84936e-08 0
0 0 0 0 0 0 0 0 0 0 0 0 0 0 0 0 0 0 0 0 0 0 0 0 0 0
0 0 0 0 0 0 0 0 0 0 0 0 0 0 0 0 0 0 0 0 0 0 0 0 0 0
2.8179e-08 0 0 0 0 0 0 0 0 2.8179e-08 2.8179e-08 0 0 0 2.8179e-08 2.8179e-08 2.8179e-08 0 0 2.84936e-08 2.84936e-08 0 0 4.23432e-08 4.23432e-08 0
2.8179e-08 0 0 0 0 0 0 0 0 2.8179e-08 2.8179e-08 0 0 0 2.8179e-08 2.8179e-08 2.8179e-08 0 0 2.84936e-08 2.84936e-08 0 0 4.23432e-08 4.23432e-08 0
0 0 0 0 0 0 0 0 0 0 0 0 0 0 0 0 0 0 0 0 0 0 0 0 0 0
0 0 0 0 0 0 0 0 0 0 0 0 0 0 0 0 0 0 0 0 0 0 0 0 0 0
0 0 0 0 0 0 0 0 0 0 0 0 0 0 0 0 0 0 0 0 0 0 0 0 0 0
