0 0 0 0 0 0 0 0 0 0 0 0 0 0 0 0 0 0 0 0 0 0 0 0 0 0
0 0 0 0 0 0 0 0 0 0 0 0 0 0 0 0 0 0 0 0 0 0 0 0 0 0
0 0 0 0 0 0 0 0 0 0 0 0 0 0 0 0 0 0 0 0 0 0 0 0 0 0
0 0 0 0 0 0 0 0 0 0 0 0 0 0 0 0 0 0 0 0 0 0 0 0 0 0
0 0 0 0 0 2.31533e-05 0 0 0 0 0 0 0 0 0 0 0 0 0 0 0 0 0 0 0 0
0 0 0 0 0 0 0 0 0 0 0 0 0 0 0 0 0 0 0 0 0 0 0 0 0 0
0 0 0 0 0 0 0 0 0 0 0 0 0 0 0 0 0 0 0 0 0 0 0 0 0 0
4.89461e-06 0 0 0 0 0 0 0 0 4.89461e-06 4.89461e-06 0 0 0 4.89461e-06 4.89461e-06 4.89461e-06 0 0 2.67615e-06 2.67615e-06 0 0 7.04476e-08 7.04476e-08 0
4.89461e-06 0 0 0 0 0 0 0 0 4.89461e-06 4.89461e-06 0 0 0 4.89461e-06 4.89461e-06 4.89461e-06 0 0 2.67615e-06 2.67615e-06 0 0 7.04476e-08 7.04476e-08 0
0 0 0 0 0 0 0 0 0 0 0 0 0 0 0 0 0 0 0 0 0 0 0 0 0 0
0 0 0 0 0 0 0 0 0 0 0 0 0 0 0 0 0 0 0 0 0 0 0 0 0 0
4.89461e-06 0 0 0 0 0 0 0 0 4.89461e-06 4.89461e-06 0 0 0 4.89461e-06 4.89461e-06 4.89461e-06 0 0 2.67615e-06 2.67615e-06 0 0 7.04476e-08 7.04476e-08 0
4.89461e-06 0 0 0 0 0 0 0 0 4.89461e-06 4.89461e-06 0 0 0 4.89461e-06 4.89461e-06 4.89461e-06 0 0 2.67615e-06 2.67615e-06 0 0 7.04476e-08 7.04476e-08 0
4.89461e-06 0 0 0 0 0 0 0 0 4.89461e-06 4.89461e-06 0 0 0 4.89461e-06 4.89461e-06 4.89461e-06 0 0 2.67615e-06 2.67615e-06 0 0 7.04476e-08 7.04476e-08 0
0 0 0 0 0 0 0 0 0 0 0 0 0 0 0 0 0 0 0 0 0 0 0 0 0 0
0 0 0 0 0 0 0 0 0 0 0 0 0 0 0 0 0 0 0 0 0 0 0 0 0 0
0 0 0 0 0 0 0 0 0 0 0 0 0 0 0 0 0 0 0 0 0 0 0 0 0 0
2.67615e-06 0 0 0 0 0 0 0 0 2.67615e-06 2.67615e-06 0 0 0 2.67615e-06 2.67615e-06 2.67615e-06 0 0 3.92334e-06 3.92334e-06 0 0 7.12339e-08 7.12339e-08 0
2.67615e-06 0 0 0 0 0 0 0 0 2.67615e-06 2.67615e-06 0 0 0 2.67615e-06 2.67615e-06 2.67615e-06 0 0 3.92334e-06 3.92334e-06 0 0 7.12339e-08 7.12339e-08 0
0 0 0 0 0 0 0 0 0 0 0 0 0 0 0 0 0 0 0 0 0 0 0 0 0 0
0 0 0 0 0 0 0 0 0 0 0 0 0 0 0 0 0 0 0 0 0 0 0 0 0 0
7.04476e-08 0 0 0 0 0 0 0 0 7.04476e-08 7.04476e-08 0 0 0 7.04476e-08 7.04476e-08 7.04476e-08 0 0 7.12339e-08 7.12339e-08 0 0 1.05858e-07 1.05858e-07 0
7.04476e-08 0 0 0 0 0 0 0 0 7.04476e-08 7.04476e-08 0 0 0 7.04476e-08 7.04476e-08 7.04476e-08 0 0 7.12339e-08 7.12339e-08 0 0 1.05858e-07 1.05858e-07 0
0 0 0 0 0 0 0 0 0 0 0 0 0 0 0 0 0 0 0 0 0 0 0 0 0 0
0 0 0 0 0 0 0 0 0 0 0 0 0 0 0 0 0 0 0 0 0 0 0 0 0 0
0 0 0 0 0 0 0 0 0 0 0 0 0 0 0 0 0 0 0 0 0 0 0 0 0 0
