0 0 0 0 0 0 0 0 0 0 0 0 0 0 0 0 0 0 0 0 0 0 0 0 0 0
0 0 0 0 0 0 0 0 0 0 0 0 0 0 0 0 0 0 0 0 0 0 0 0 0 0
0 0 0 0 0 0 0 0 0 0 0 0 0 0 0 0 0 0 0 0 0 0 0 0 0 0
0 0 0 0 0 0 0 0 0 0 0 0 0 0 0 0 0 0 0 0 0 0 0 0 0 0
0 0 0 0 0 4.63067e-07 0 0 0 0 0 0 0 0 0 0 0 0 0 0 0 0 0 0 0 0
0 0 0 0 0 0 0 0 0 0 0 0 0 0 0 0 0 0 0 0 0 0 0 0 0 0
0 0 0 0 0 0 0 0 0 0 0 0 0 0 0 0 0 0 0 0 0 0 0 0 0 0
9.78921e-08 0 0 0 0 0 0 0 0 9.78921e-08 9.78921e-08 0 0 0 9.78921e-08 9.78921e-08 9.78921e-08 0 0 5.3523e-08 5.3523e-08 0 0 1.40895e-09 1.40895e-09 0
9.78921e-08 0 0 0 0 0 0 0 0 9.78921e-08 9.78921e-08 0 0 0 9.78921e-08 9.78921e-08 9.78921e-08 0 0 5.3523e-08 5.3523e-08 0 0 1.40895e-09 1.40895e-09 0
0 0 0 0 0 0 0 0 0 0 0 0 0 0 0 0 0 0 0 0 0 0 0 0 0 0
0 0 0 0 0 0 0 0 0 0 0 0 0 0 0 0 0 0 0 0 0 0 0 0 0 0
9.78921e-08 0 0 0 0 0 0 0 0 9.78921e-08 9.78921e-08 0 0 0 9.78921e-08 9.78921e-08 9.78921e-08 0 0 5.3523e-08 5.3523e-08 0 0 1.40895e-09 1.40895e-09 0
9.78921e-08 0 0 0 0 0 0 0 0 9.78921e-08 9.78921e-08 0 0 0 9.78921e-08 9.78921e-08 9.78921e-08 0 0 5.3523e-08 5.3523e-08 0 0 1.40895e-09 1.40895e-09 0
9.78921e-08 0 0 0 0 0 0 0 0 9.78921e-08 9.78921e-08 0 0 0 9.78921e-08 9.78921e-08 9.78921e-08 0 0 5.3523e-08 5.3523e-08 0 0 1.40895e-09 1.40895e-09 0
0 0 0 0 0 0 0 0 0 0 0 0 0 0 0 0 0 0 0 0 0 0 0 0 0 0
0 0 0 0 0 0 0 0 0 0 0 0 0 0 0 0 0 0 0 0 0 0 0 0 0 0
0 0 0 0 0 0 0 0 0 0 0 0 0 0 0 0 0 0 0 0 0 0 0 0 0 0
5.3523e-08 0 0 0 0 0 0 0 0 5.3523e-08 5.3523e-08 0 0 0 5.3523e-08 5.3523e-08 5.3523e-08 0 0 7.84669e-08 7.84669e-08 0 0 1.42468e-09 1.42468e-09 0
5.3523e-08 0 0 0 0 0 0 0 0 5.3523e-08 5.3523e-08 0 0 0 5.3523e-08 5.3523e-08 5.3523e-08 0 0 7.84669e-08 7.84669e-08 0 0 1.42468e-09 1.42468e-09 0
0 0 0 0 0 0 0 0 0 0 0 0 0 0 0 0 0 0 0 0 0 0 0 0 0 0
0 0 0 0 0 0 0 0 0 0 0 0 0 0 0 0 0 0 0 0 0 0 0 0 0 0
1.40895e-09 0 0 0 0 0 0 0 0 1.40895e-09 1.40895e-09 0 0 0 1.40895e-09 1.40895e-09 1.40895e-09 0 0 1.42468e-09 1.42468e-09 0 0 2.11716e-09 2.11716e-09 0
1.40895e-09 0 0 0 0 0 0 0 0 1.40895e-09 1.40895e-09 0 0 0 1.40895e-09 1.40895e-09 1.40895e-09 0 0 1.42468e-09 1.42468e-09 0 0 2.11716e-09 2.11716e-09 0
0 0 0 0 0 0 0 0 0 0 0 0 0 0 0 0 0 0 0 0 0 0 0 0 0 0
0 0 0 0 0 0 0 0 0 0 0 0 0 0 0 0 0 0 0 0 0 0 0 0 0 0
0 0 0 0 0 0 0 0 0 0 0 0 0 0 0 0 0 0 0 0 0 0 0 0 0 0
