0 0 0 0 0 0 0 0 0 0 0 0 0 0 0 0 0 0 0 0 0 0 0 0 0 0
0 0 0 0 0 0 0 0 0 0 0 0 0 0 0 0 0 0 0 0 0 0 0 0 0 0
0 0 0 0 0 0 0 0 0 0 0 0 0 0 0 0 0 0 0 0 0 0 0 0 0 0
0 0 0 0 0 0 0 0 0 0 0 0 0 0 0 0 0 0 0 0 0 0 0 0 0 0
0 0 0 0 0 4.63067e-06 0 0 0 0 0 0 0 0 0 0 0 0 0 0 0 0 0 0 0 0
0 0 0 0 0 0 0 0 0 0 0 0 0 0 0 0 0 0 0 0 0 0 0 0 0 0
0 0 0 0 0 0 0 0 0 0 0 0 0 0 0 0 0 0 0 0 0 0 0 0 0 0
9.78921e-07 0 0 0 0 0 0 0 0 9.78921e-07 9.78921e-07 0 0 0 9.78921e-07 9.78921e-07 9.78921e-07 0 0 5.3523e-07 5.3523e-07 0 0 1.40895e-08 1.40895e-08 0
9.78921e-07 0 0 0 0 0 0 0 0 9.78921e-07 9.78921e-07 0 0 0 9.78921e-07 9.78921e-07 9.78921e-07 0 0 5.3523e-07 5.3523e-07 0 0 1.40895e-08 1.40895e-08 0
0 0 0 0 0 0 0 0 0 0 0 0 0 0 0 0 0 0 0 0 0 0 0 0 0 0
0 0 0 0 0 0 0 0 0 0 0 0 0 0 0 0 0 0 0 0 0 0 0 0 0 0
9.78921e-07 0 0 0 0 0 0 0 0 9.78921e-07 9.78921e-07 0 0 0 9.78921e-07 9.78921e-07 9.78921e-07 0 0 5.3523e-07 5.3523e-07 0 0 1.40895e-08 1.40895e-08 0
9.78921e-07 0 0 0 0 0 0 0 0 9.78921e-07 9.78921e-07 0 0 0 9.78921e-07 9.78921e-07 9.78921e-07 0 0 5.3523e-07 5.3523e-07 0 0 1.40895e-08 1.40895e-08 0
9.78921e-07 0 0 0 0 0 0 0 0 9.78921e-07 9.78921e-07 0 0 0 9.78921e-07 9.78921e-07 9.78921e-07 0 0 5.3523e-07 5.3523e-07 0 0 1.40895e-08 1.40895e-08 0
0 0 0 0 0 0 0 0 0 0 0 0 0 0 0 0 0 0 0 0 0 0 0 0 0 0
0 0 0 0 0 0 0 0 0 0 0 0 0 0 0 0 0 0 0 0 0 0 0 0 0 0
0 0 0 0 0 0 0 0 0 0 0 0 0 0 0 0 0 0 0 0 0 0 0 0 0 0
5.3523e-07 0 0 0 0 0 0 0 0 5.3523e-07 5.3523e-07 0 0 0 5.3523e-07 5.3523e-07 5.3523e-07 0 0 7.84669e-07 7.84669e-07 0 0 1.42468e-08 1.42468e-08 0
5.3523e-07 0 0 0 0 0 0 0 0 5.3523e-07 5.3523e-07 0 0 0 5.3523e-07 5.3523e-07 5.3523e-07 0 0 7.84669e-07 7.84669e-07 0 0 1.42468e-08 1.42468e-08 0
0 0 0 0 0 0 0 0 0 0 0 0 0 0 0 0 0 0 0 0 0 0 0 0 0 0
0 0 0 0 0 0 0 0 0 0 0 0 0 0 0 0 0 0 0 0 0 0 0 0 0 0
1.40895e-08 0 0 0 0 0 0 0 0 1.40895e-08 1.40895e-08 0 0 0 1.40895e-08 1.40895e-08 1.40895e-08 0 0 1.42468e-08 1.42468e-08 0 0 2.11716e-08 2.11716e-08 0
1.40895e-08 0 0 0 0 0 0 0 0 1.40895e-08 1.40895e-08 0 0 0 1.40895e-08 1.40895e-08 1.40895e-08 0 0 1.42468e-08 1.42468e-08 0 0 2.11716e-08 2.11716e-08 0
0 0 0 0 0 0 0 0 0 0 0 0 0 0 0 0 0 0 0 0 0 0 0 0 0 0
0 0 0 0 0 0 0 0 0 0 0 0 0 0 0 0 0 0 0 0 0 0 0 0 0 0
0 0 0 0 0 0 0 0 0 0 0 0 0 0 0 0 0 0 0 0 0 0 0 0 0 0
