0 0 0 0 0 0 0 0 0 0 0 0 0 0 0 0 0 0 0 0 0 0 0 0 0 0
0 0 0 0 0 0 0 0 0 0 0 0 0 0 0 0 0 0 0 0 0 0 0 0 0 0
0 0 0 0 0 0 0 0 0 0 0 0 0 0 0 0 0 0 0 0 0 0 0 0 0 0
0 0 0 0 0 0 0 0 0 0 0 0 0 0 0 0 0 0 0 0 0 0 0 0 0 0
0 0 0 0 0 6.61524e-07 0 0 0 0 0 0 0 0 0 0 0 0 0 0 0 0 0 0 0 0
0 0 0 0 0 0 0 0 0 0 0 0 0 0 0 0 0 0 0 0 0 0 0 0 0 0
0 0 0 0 0 0 0 0 0 0 0 0 0 0 0 0 0 0 0 0 0 0 0 0 0 0
1.39846e-07 0 0 0 0 0 0 0 0 1.39846e-07 1.39846e-07 0 0 0 1.39846e-07 1.39846e-07 1.39846e-07 0 0 7.64614e-08 7.64614e-08 0 0 2.01279e-09 2.01279e-09 0
1.39846e-07 0 0 0 0 0 0 0 0 1.39846e-07 1.39846e-07 0 0 0 1.39846e-07 1.39846e-07 1.39846e-07 0 0 7.64614e-08 7.64614e-08 0 0 2.01279e-09 2.01279e-09 0
0 0 0 0 0 0 0 0 0 0 0 0 0 0 0 0 0 0 0 0 0 0 0 0 0 0
0 0 0 0 0 0 0 0 0 0 0 0 0 0 0 0 0 0 0 0 0 0 0 0 0 0
1.39846e-07 0 0 0 0 0 0 0 0 1.39846e-07 1.39846e-07 0 0 0 1.39846e-07 1.39846e-07 1.39846e-07 0 0 7.64614e-08 7.64614e-08 0 0 2.01279e-09 2.01279e-09 0
1.39846e-07 0 0 0 0 0 0 0 0 1.39846e-07 1.39846e-07 0 0 0 1.39846e-07 1.39846e-07 1.39846e-07 0 0 7.64614e-08 7.64614e-08 0 0 2.01279e-09 2.01279e-09 0
1.39846e-07 0 0 0 0 0 0 0 0 1.39846e-07 1.39846e-07 0 0 0 1.39846e-07 1.39846e-07 1.39846e-07 0 0 7.64614e-08 7.64614e-08 0 0 2.01279e-09 2.01279e-09 0
0 0 0 0 0 0 0 0 0 0 0 0 0 0 0 0 0 0 0 0 0 0 0 0 0 0
0 0 0 0 0 0 0 0 0 0 0 0 0 0 0 0 0 0 0 0 0 0 0 0 0 0
0 0 0 0 0 0 0 0 0 0 0 0 0 0 0 0 0 0 0 0 0 0 0 0 0 0
7.64614e-08 0 0 0 0 0 0 0 0 7.64614e-08 7.64614e-08 0 0 0 7.64614e-08 7.64614e-08 7.64614e-08 0 0 1.12096e-07 1.12096e-07 0 0 2.03525e-09 2.03525e-09 0
7.64614e-08 0 0 0 0 0 0 0 0 7.64614e-08 7.64614e-08 0 0 0 7.64614e-08 7.64614e-08 7.64614e-08 0 0 1.12096e-07 1.12096e-07 0 0 2.03525e-09 2.03525e-09 0
0 0 0 0 0 0 0 0 0 0 0 0 0 0 0 0 0 0 0 0 0 0 0 0 0 0
0 0 0 0 0 0 0 0 0 0 0 0 0 0 0 0 0 0 0 0 0 0 0 0 0 0
2.01279e-09 0 0 0 0 0 0 0 0 2.01279e-09 2.01279e-09 0 0 0 2.01279e-09 2.01279e-09 2.01279e-09 0 0 2.03525e-09 2.03525e-09 0 0 3.02451e-09 3.02451e-09 0
2.01279e-09 0 0 0 0 0 0 0 0 2.01279e-09 2.01279e-09 0 0 0 2.01279e-09 2.01279e-09 2.01279e-09 0 0 2.03525e-09 2.03525e-09 0 0 3.02451e-09 3.02451e-09 0
0 0 0 0 0 0 0 0 0 0 0 0 0 0 0 0 0 0 0 0 0 0 0 0 0 0
0 0 0 0 0 0 0 0 0 0 0 0 0 0 0 0 0 0 0 0 0 0 0 0 0 0
0 0 0 0 0 0 0 0 0 0 0 0 0 0 0 0 0 0 0 0 0 0 0 0 0 0
