0 0 0 0 0 0 0 0 0 0 0 0 0 0 0 0 0 0 0 0 0 0 0 0 0 0
0 0 0 0 0 0 0 0 0 0 0 0 0 0 0 0 0 0 0 0 0 0 0 0 0 0
0 0 0 0 0 0 0 0 0 0 0 0 0 0 0 0 0 0 0 0 0 0 0 0 0 0
0 0 0 0 0 0 0 0 0 0 0 0 0 0 0 0 0 0 0 0 0 0 0 0 0 0
0 0 0 0 0 3.24147e-05 0 0 0 0 0 0 0 0 0 0 0 0 0 0 0 0 0 0 0 0
0 0 0 0 0 0 0 0 0 0 0 0 0 0 0 0 0 0 0 0 0 0 0 0 0 0
0 0 0 0 0 0 0 0 0 0 0 0 0 0 0 0 0 0 0 0 0 0 0 0 0 0
6.85245e-06 0 0 0 0 0 0 0 0 6.85245e-06 6.85245e-06 0 0 0 6.85245e-06 6.85245e-06 6.85245e-06 0 0 3.74661e-06 3.74661e-06 0 0 9.86266e-08 9.86266e-08 0
6.85245e-06 0 0 0 0 0 0 0 0 6.85245e-06 6.85245e-06 0 0 0 6.85245e-06 6.85245e-06 6.85245e-06 0 0 3.74661e-06 3.74661e-06 0 0 9.86266e-08 9.86266e-08 0
0 0 0 0 0 0 0 0 0 0 0 0 0 0 0 0 0 0 0 0 0 0 0 0 0 0
0 0 0 0 0 0 0 0 0 0 0 0 0 0 0 0 0 0 0 0 0 0 0 0 0 0
6.85245e-06 0 0 0 0 0 0 0 0 6.85245e-06 6.85245e-06 0 0 0 6.85245e-06 6.85245e-06 6.85245e-06 0 0 3.74661e-06 3.74661e-06 0 0 9.86266e-08 9.86266e-08 0
6.85245e-06 0 0 0 0 0 0 0 0 6.85245e-06 6.85245e-06 0 0 0 6.85245e-06 6.85245e-06 6.85245e-06 0 0 3.74661e-06 3.74661e-06 0 0 9.86266e-08 9.86266e-08 0
6.85245e-06 0 0 0 0 0 0 0 0 6.85245e-06 6.85245e-06 0 0 0 6.85245e-06 6.85245e-06 6.85245e-06 0 0 3.74661e-06 3.74661e-06 0 0 9.86266e-08 9.86266e-08 0
0 0 0 0 0 0 0 0 0 0 0 0 0 0 0 0 0 0 0 0 0 0 0 0 0 0
0 0 0 0 0 0 0 0 0 0 0 0 0 0 0 0 0 0 0 0 0 0 0 0 0 0
0 0 0 0 0 0 0 0 0 0 0 0 0 0 0 0 0 0 0 0 0 0 0 0 0 0
3.74661e-06 0 0 0 0 0 0 0 0 3.74661e-06 3.74661e-06 0 0 0 3.74661e-06 3.74661e-06 3.74661e-06 0 0 5.49268e-06 5.49268e-06 0 0 9.97275e-08 9.97275e-08 0
3.74661e-06 0 0 0 0 0 0 0 0 3.74661e-06 3.74661e-06 0 0 0 3.74661e-06 3.74661e-06 3.74661e-06 0 0 5.49268e-06 5.49268e-06 0 0 9.97275e-08 9.97275e-08 0
0 0 0 0 0 0 0 0 0 0 0 0 0 0 0 0 0 0 0 0 0 0 0 0 0 0
0 0 0 0 0 0 0 0 0 0 0 0 0 0 0 0 0 0 0 0 0 0 0 0 0 0
9.86266e-08 0 0 0 0 0 0 0 0 9.86266e-08 9.86266e-08 0 0 0 9.86266e-08 9.86266e-08 9.86266e-08 0 0 9.97275e-08 9.97275e-08 0 0 1.48201e-07 1.48201e-07 0
9.86266e-08 0 0 0 0 0 0 0 0 9.86266e-08 9.86266e-08 0 0 0 9.86266e-08 9.86266e-08 9.86266e-08 0 0 9.97275e-08 9.97275e-08 0 0 1.48201e-07 1.48201e-07 0
0 0 0 0 0 0 0 0 0 0 0 0 0 0 0 0 0 0 0 0 0 0 0 0 0 0
0 0 0 0 0 0 0 0 0 0 0 0 0 0 0 0 0 0 0 0 0 0 0 0 0 0
0 0 0 0 0 0 0 0 0 0 0 0 0 0 0 0 0 0 0 0 0 0 0 0 0 0
