0 0 0 0 0 0 0 0 0 0 0 0 0 0 0 0 0 0 0 0 0 0 0 0 0 0
0 0 0 0 0 0 0 0 0 0 0 0 0 0 0 0 0 0 0 0 0 0 0 0 0 0
0 0 0 0 0 0 0 0 0 0 0 0 0 0 0 0 0 0 0 0 0 0 0 0 0 0
0 0 0 0 0 0 0 0 0 0 0 0 0 0 0 0 0 0 0 0 0 0 0 0 0 0
0 0 0 0 0 4.63067e-05 0 0 0 0 0 0 0 0 0 0 0 0 0 0 0 0 0 0 0 0
0 0 0 0 0 0 0 0 0 0 0 0 0 0 0 0 0 0 0 0 0 0 0 0 0 0
0 0 0 0 0 0 0 0 0 0 0 0 0 0 0 0 0 0 0 0 0 0 0 0 0 0
9.78921e-06 0 0 0 0 0 0 0 0 9.78921e-06 9.78921e-06 0 0 0 9.78921e-06 9.78921e-06 9.78921e-06 0 0 5.3523e-06 5.3523e-06 0 0 1.40895e-07 1.40895e-07 0
9.78921e-06 0 0 0 0 0 0 0 0 9.78921e-06 9.78921e-06 0 0 0 9.78921e-06 9.78921e-06 9.78921e-06 0 0 5.3523e-06 5.3523e-06 0 0 1.40895e-07 1.40895e-07 0
0 0 0 0 0 0 0 0 0 0 0 0 0 0 0 0 0 0 0 0 0 0 0 0 0 0
0 0 0 0 0 0 0 0 0 0 0 0 0 0 0 0 0 0 0 0 0 0 0 0 0 0
9.78921e-06 0 0 0 0 0 0 0 0 9.78921e-06 9.78921e-06 0 0 0 9.78921e-06 9.78921e-06 9.78921e-06 0 0 5.3523e-06 5.3523e-06 0 0 1.40895e-07 1.40895e-07 0
9.78921e-06 0 0 0 0 0 0 0 0 9.78921e-06 9.78921e-06 0 0 0 9.78921e-06 9.78921e-06 9.78921e-06 0 0 5.3523e-06 5.3523e-06 0 0 1.40895e-07 1.40895e-07 0
9.78921e-06 0 0 0 0 0 0 0 0 9.78921e-06 9.78921e-06 0 0 0 9.78921e-06 9.78921e-06 9.78921e-06 0 0 5.3523e-06 5.3523e-06 0 0 1.40895e-07 1.40895e-07 0
0 0 0 0 0 0 0 0 0 0 0 0 0 0 0 0 0 0 0 0 0 0 0 0 0 0
0 0 0 0 0 0 0 0 0 0 0 0 0 0 0 0 0 0 0 0 0 0 0 0 0 0
0 0 0 0 0 0 0 0 0 0 0 0 0 0 0 0 0 0 0 0 0 0 0 0 0 0
5.3523e-06 0 0 0 0 0 0 0 0 5.3523e-06 5.3523e-06 0 0 0 5.3523e-06 5.3523e-06 5.3523e-06 0 0 7.84669e-06 7.84669e-06 0 0 1.42468e-07 1.42468e-07 0
5.3523e-06 0 0 0 0 0 0 0 0 5.3523e-06 5.3523e-06 0 0 0 5.3523e-06 5.3523e-06 5.3523e-06 0 0 7.84669e-06 7.84669e-06 0 0 1.42468e-07 1.42468e-07 0
0 0 0 0 0 0 0 0 0 0 0 0 0 0 0 0 0 0 0 0 0 0 0 0 0 0
0 0 0 0 0 0 0 0 0 0 0 0 0 0 0 0 0 0 0 0 0 0 0 0 0 0
1.40895e-07 0 0 0 0 0 0 0 0 1.40895e-07 1.40895e-07 0 0 0 1.40895e-07 1.40895e-07 1.40895e-07 0 0 1.42468e-07 1.42468e-07 0 0 2.11716e-07 2.11716e-07 0
1.40895e-07 0 0 0 0 0 0 0 0 1.40895e-07 1.40895e-07 0 0 0 1.40895e-07 1.40895e-07 1.40895e-07 0 0 1.42468e-07 1.42468e-07 0 0 2.11716e-07 2.11716e-07 0
0 0 0 0 0 0 0 0 0 0 0 0 0 0 0 0 0 0 0 0 0 0 0 0 0 0
0 0 0 0 0 0 0 0 0 0 0 0 0 0 0 0 0 0 0 0 0 0 0 0 0 0
0 0 0 0 0 0 0 0 0 0 0 0 0 0 0 0 0 0 0 0 0 0 0 0 0 0
